3.439287e-01	3.439894e-01	3.440269e-01	3.440298e-01	3.440312e-01	3.440323e-01	3.440334e-01	3.440345e-01	3.440345e-01	3.439333e-01	3.402597e-01	
1.941284e-01	1.934886e-01	1.933076e-01	1.936277e-01	1.938689e-01	1.940663e-01	1.942510e-01	1.944522e-01	1.947020e-01	1.949882e-01	3.392534e-01	
1.898089e-01	1.873664e-01	1.872097e-01	1.881721e-01	1.888933e-01	1.894835e-01	1.900356e-01	1.906374e-01	1.913862e-01	1.923871e-01	3.375578e-01	
3.287648e-01	3.210146e-01	3.226477e-01	3.249076e-01	3.265910e-01	3.279684e-01	3.292572e-01	3.306617e-01	3.324103e-01	3.347975e-01	3.365514e-01	
1.849205e-01	3.200250e-01	1.831494e-01	1.838076e-01	1.843176e-01	1.847449e-01	1.851424e-01	1.855608e-01	1.860564e-01	1.866994e-01	1.867291e-01	
1.794895e-01	3.183573e-01	1.811513e-01	1.805431e-01	1.801517e-01	1.798612e-01	1.795826e-01	1.792344e-01	1.787255e-01	1.779362e-01	1.777592e-01	
3.097133e-01	3.173674e-01	3.156382e-01	3.134620e-01	3.119869e-01	3.108494e-01	3.097689e-01	3.084877e-01	3.067162e-01	3.040726e-01	3.020027e-01	
1.739794e-01	1.757170e-01	1.756734e-01	1.751336e-01	1.747676e-01	1.744755e-01	1.741781e-01	1.738016e-01	1.732630e-01	1.724511e-01	3.009708e-01	
1.684188e-01	1.665725e-01	1.667332e-01	1.675917e-01	1.681777e-01	1.686001e-01	1.689414e-01	1.692748e-01	1.696811e-01	1.702669e-01	2.992319e-01	
2.902069e-01	2.821718e-01	2.842927e-01	2.870286e-01	2.888891e-01	2.902547e-01	2.914120e-01	2.926179e-01	2.941575e-01	2.964091e-01	2.981998e-01	
1.627349e-01	2.811003e-01	1.611191e-01	1.619549e-01	1.625216e-01	1.629272e-01	1.632520e-01	1.635678e-01	1.639541e-01	1.645153e-01	1.645557e-01	
1.569573e-01	2.792948e-01	1.588547e-01	1.582357e-01	1.578119e-01	1.574697e-01	1.571229e-01	1.566935e-01	1.560948e-01	1.552144e-01	1.550500e-01	
2.699395e-01	2.782231e-01	2.763481e-01	2.739885e-01	2.723783e-01	2.711240e-01	2.699281e-01	2.685232e-01	2.666116e-01	2.637995e-01	2.616175e-01	
1.510661e-01	1.529537e-01	1.529042e-01	1.523054e-01	1.518948e-01	1.515633e-01	1.512276e-01	1.508123e-01	1.502339e-01	1.493805e-01	2.605093e-01	
1.450920e-01	1.431246e-01	1.432866e-01	1.441772e-01	1.447836e-01	1.452213e-01	1.455792e-01	1.459372e-01	1.463842e-01	1.470373e-01	2.586419e-01	
2.489823e-01	2.403968e-01	2.426279e-01	2.455001e-01	2.474532e-01	2.488936e-01	2.501281e-01	2.514326e-01	2.531140e-01	2.555785e-01	2.575336e-01	
1.390131e-01	2.392557e-01	1.372592e-01	1.381243e-01	1.387111e-01	1.391351e-01	1.394825e-01	1.398312e-01	1.402674e-01	1.409039e-01	1.409625e-01	
1.328612e-01	2.373327e-01	1.348464e-01	1.341600e-01	1.336907e-01	1.333181e-01	1.329512e-01	1.325079e-01	1.318970e-01	1.310000e-01	1.308409e-01	
2.274016e-01	2.361914e-01	2.341624e-01	2.316004e-01	2.298530e-01	2.285028e-01	2.272342e-01	2.257639e-01	2.237764e-01	2.208544e-01	2.185816e-01	
1.266146e-01	1.286191e-01	1.285514e-01	1.278790e-01	1.274185e-01	1.270539e-01	1.266961e-01	1.262652e-01	1.256723e-01	1.247986e-01	2.174114e-01	
1.203058e-01	1.182393e-01	1.183949e-01	1.192952e-01	1.199085e-01	1.203561e-01	1.207309e-01	1.211168e-01	1.216069e-01	1.223242e-01	2.154393e-01	
2.052702e-01	1.962454e-01	1.985523e-01	2.015146e-01	2.035298e-01	2.050253e-01	2.063236e-01	2.077151e-01	2.095225e-01	2.121730e-01	2.142689e-01	
1.139125e-01	1.950500e-01	1.120405e-01	1.129200e-01	1.135172e-01	1.139538e-01	1.143208e-01	1.147002e-01	1.151833e-01	1.158889e-01	1.159654e-01	
1.074679e-01	1.930355e-01	1.095129e-01	1.087674e-01	1.082586e-01	1.078610e-01	1.074798e-01	1.070295e-01	1.064153e-01	1.055141e-01	1.053622e-01	
1.826624e-01	1.918399e-01	1.896842e-01	1.869547e-01	1.850944e-01	1.836674e-01	1.823441e-01	1.808284e-01	1.787913e-01	1.757973e-01	1.734630e-01	
1.009483e-01	1.030422e-01	1.029572e-01	1.022218e-01	1.017194e-01	1.013280e-01	1.009541e-01	1.005135e-01	9.991304e-02	9.902879e-02	1.722463e-01	
9.438752e-02	9.224757e-02	9.239551e-02	9.329741e-02	9.391377e-02	9.436880e-02	9.475773e-02	9.516632e-02	9.569050e-02	9.645780e-02	1.701960e-01	
1.596467e-01	1.502965e-01	1.526528e-01	1.556749e-01	1.577348e-01	1.592734e-01	1.606229e-01	1.620825e-01	1.639859e-01	1.667767e-01	1.689791e-01	
8.776330e-02	1.490615e-01	8.579476e-02	8.668401e-02	8.729445e-02	8.774839e-02	8.813719e-02	8.854349e-02	8.906071e-02	8.981289e-02	8.989853e-02	
8.110980e-02	1.469804e-01	8.317978e-02	8.239579e-02	8.187559e-02	8.148096e-02	8.110668e-02	8.065925e-02	8.003791e-02	7.911650e-02	7.895720e-02	
1.363057e-01	1.457454e-01	1.434779e-01	1.406391e-01	1.387375e-01	1.373029e-01	1.359788e-01	1.344472e-01	1.323612e-01	1.292731e-01	1.268663e-01	
7.433383e-02	7.643544e-02	7.631875e-02	7.560554e-02	7.515402e-02	7.482023e-02	7.449427e-02	7.407741e-02	7.346012e-02	7.249749e-02	1.256166e-01	
6.746965e-02	6.509199e-02	6.523410e-02	6.632766e-02	6.714404e-02	6.778042e-02	6.831413e-02	6.881215e-02	6.934169e-02	6.998108e-02	1.235107e-01	
1.122259e-01	1.020524e-01	1.046122e-01	1.081200e-01	1.106612e-01	1.126262e-01	1.143144e-01	1.159885e-01	1.179211e-01	1.204447e-01	1.222610e-01	
6.120933e-02	1.007092e-01	5.795574e-02	5.943654e-02	6.052483e-02	6.136654e-02	6.208974e-02	6.280692e-02	6.363484e-02	6.470860e-02	6.440301e-02	
5.558654e-02	9.844566e-02	5.450207e-02	5.494755e-02	5.531075e-02	5.559211e-02	5.583386e-02	5.607361e-02	5.635038e-02	5.670683e-02	5.643724e-02	
9.248658e-02	9.710206e-02	9.248203e-02	9.238178e-02	9.238227e-02	9.238353e-02	9.238463e-02	9.238571e-02	9.238697e-02	9.238934e-02	9.242420e-02	
