2.469536e-01	2.469945e-01	2.470198e-01	2.470217e-01	2.470226e-01	2.470234e-01	2.470241e-01	2.470249e-01	2.470249e-01	2.469567e-01	2.444809e-01	
1.394799e-01	1.390488e-01	1.389270e-01	1.391429e-01	1.393056e-01	1.394387e-01	1.395631e-01	1.396987e-01	1.398668e-01	1.400594e-01	2.438028e-01	
1.365689e-01	1.349228e-01	1.348177e-01	1.354672e-01	1.359537e-01	1.363517e-01	1.367237e-01	1.371289e-01	1.376331e-01	1.383069e-01	2.426601e-01	
2.367336e-01	2.315094e-01	2.326117e-01	2.341368e-01	2.352727e-01	2.362016e-01	2.370701e-01	2.380160e-01	2.391934e-01	2.408007e-01	2.419819e-01	
1.332743e-01	2.308422e-01	1.320818e-01	1.325267e-01	1.328712e-01	1.331595e-01	1.334272e-01	1.337086e-01	1.340417e-01	1.344736e-01	1.344932e-01	
1.296127e-01	2.297178e-01	1.307351e-01	1.303265e-01	1.300637e-01	1.298683e-01	1.296803e-01	1.294448e-01	1.291002e-01	1.285658e-01	1.284456e-01	
2.238881e-01	2.290505e-01	2.278865e-01	2.264223e-01	2.254299e-01	2.246640e-01	2.239352e-01	2.230698e-01	2.218726e-01	2.200857e-01	2.186869e-01	
1.258968e-01	1.270685e-01	1.270401e-01	1.266787e-01	1.264337e-01	1.262376e-01	1.260372e-01	1.257826e-01	1.254179e-01	1.248681e-01	2.179907e-01	
1.221446e-01	1.208978e-01	1.210076e-01	1.215905e-01	1.219883e-01	1.222745e-01	1.225050e-01	1.227292e-01	1.230018e-01	1.233946e-01	2.168173e-01	
2.107242e-01	2.052981e-01	2.067343e-01	2.085874e-01	2.098473e-01	2.107712e-01	2.115526e-01	2.123649e-01	2.134006e-01	2.149154e-01	2.161208e-01	
1.183071e-01	2.045742e-01	1.172192e-01	1.177868e-01	1.181715e-01	1.184464e-01	1.186655e-01	1.188772e-01	1.191354e-01	1.195104e-01	1.195362e-01	
1.144035e-01	2.033542e-01	1.156896e-01	1.152748e-01	1.149907e-01	1.147605e-01	1.145259e-01	1.142340e-01	1.138263e-01	1.132265e-01	1.131134e-01	
1.970291e-01	2.026301e-01	2.013673e-01	1.997793e-01	1.986956e-01	1.978500e-01	1.970414e-01	1.960888e-01	1.947911e-01	1.928816e-01	1.914007e-01	
1.104201e-01	1.116961e-01	1.116646e-01	1.112649e-01	1.109908e-01	1.107685e-01	1.105417e-01	1.102596e-01	1.098657e-01	1.092843e-01	1.906508e-01	
1.063768e-01	1.050436e-01	1.051558e-01	1.057648e-01	1.061794e-01	1.064779e-01	1.067205e-01	1.069615e-01	1.072612e-01	1.076989e-01	1.893869e-01	
1.828440e-01	1.770263e-01	1.785447e-01	1.805004e-01	1.818301e-01	1.828091e-01	1.836454e-01	1.845259e-01	1.856585e-01	1.873186e-01	1.886367e-01	
1.022589e-01	1.762524e-01	1.010757e-01	1.016671e-01	1.020681e-01	1.023569e-01	1.025920e-01	1.028259e-01	1.031171e-01	1.035418e-01	1.035790e-01	
9.808663e-02	1.749483e-01	9.943965e-02	9.897944e-02	9.866462e-02	9.841353e-02	9.816417e-02	9.786077e-02	9.744134e-02	9.682536e-02	9.671442e-02	
1.682067e-01	1.741742e-01	1.728043e-01	1.710763e-01	1.698977e-01	1.689848e-01	1.681235e-01	1.671213e-01	1.657640e-01	1.637680e-01	1.622166e-01	
9.384557e-02	9.520599e-02	9.516306e-02	9.471425e-02	9.440678e-02	9.416192e-02	9.391935e-02	9.362483e-02	9.321805e-02	9.261844e-02	1.614210e-01	
8.955652e-02	8.814921e-02	8.825856e-02	8.887963e-02	8.930267e-02	8.961017e-02	8.986562e-02	9.012614e-02	9.045523e-02	9.093663e-02	1.600803e-01	
1.531595e-01	1.470143e-01	1.485943e-01	1.506248e-01	1.520059e-01	1.530285e-01	1.539124e-01	1.548550e-01	1.560762e-01	1.578669e-01	1.592846e-01	
8.520457e-02	1.461993e-01	8.393706e-02	8.454324e-02	8.495472e-02	8.525420e-02	8.550362e-02	8.575873e-02	8.608152e-02	8.655292e-02	8.660139e-02	
8.081107e-02	1.448260e-01	8.221431e-02	8.171329e-02	8.137116e-02	8.110225e-02	8.084162e-02	8.053089e-02	8.010523e-02	7.948045e-02	7.937279e-02	
1.377459e-01	1.440109e-01	1.425495e-01	1.407016e-01	1.394420e-01	1.384730e-01	1.375696e-01	1.365295e-01	1.351281e-01	1.330679e-01	1.314633e-01	
7.636011e-02	7.778893e-02	7.773501e-02	7.724314e-02	7.690697e-02	7.664338e-02	7.638856e-02	7.608515e-02	7.566961e-02	7.505738e-02	1.306312e-01	
7.187349e-02	7.040693e-02	7.051272e-02	7.114123e-02	7.157059e-02	7.188601e-02	7.215282e-02	7.242988e-02	7.278299e-02	7.329959e-02	1.292291e-01	
1.220055e-01	1.155988e-01	1.172251e-01	1.193131e-01	1.207360e-01	1.217958e-01	1.227202e-01	1.237141e-01	1.250061e-01	1.269002e-01	1.283969e-01	
6.733633e-02	1.147513e-01	6.599656e-02	6.661515e-02	6.703953e-02	6.735343e-02	6.761929e-02	6.789361e-02	6.824025e-02	6.874405e-02	6.879812e-02	
6.277079e-02	1.133233e-01	6.420247e-02	6.367335e-02	6.332227e-02	6.305413e-02	6.279646e-02	6.248487e-02	6.204992e-02	6.140470e-02	6.129026e-02	
1.059881e-01	1.124758e-01	1.109299e-01	1.089976e-01	1.077032e-01	1.067236e-01	1.058136e-01	1.047544e-01	1.033077e-01	1.011653e-01	9.949727e-02	
5.811302e-02	5.955652e-02	5.948105e-02	5.900294e-02	5.870079e-02	5.847579e-02	5.825253e-02	5.796317e-02	5.753241e-02	5.686050e-02	9.863657e-02	
5.338537e-02	5.174347e-02	5.184630e-02	5.261262e-02	5.318373e-02	5.362701e-02	5.399603e-02	5.433706e-02	5.469640e-02	5.512780e-02	9.718620e-02	
8.940227e-02	8.237938e-02	8.415880e-02	8.659797e-02	8.836382e-02	8.972604e-02	9.089156e-02	9.204145e-02	9.336339e-02	9.508599e-02	9.632542e-02	
4.906849e-02	8.145084e-02	4.682801e-02	4.785779e-02	4.861395e-02	4.919741e-02	4.969664e-02	5.018919e-02	5.075544e-02	5.148826e-02	5.127293e-02	
4.518456e-02	7.988608e-02	4.443784e-02	4.474788e-02	4.500022e-02	4.519524e-02	4.536211e-02	4.552675e-02	4.571603e-02	4.595927e-02	4.577202e-02	
7.576656e-02	7.895725e-02	7.576343e-02	7.569413e-02	7.569448e-02	7.569535e-02	7.569611e-02	7.569685e-02	7.569772e-02	7.569934e-02	7.572343e-02	
