3.390559e-01	3.391156e-01	3.391524e-01	3.391552e-01	3.391566e-01	3.391577e-01	3.391587e-01	3.391598e-01	3.391598e-01	3.390604e-01	3.354518e-01	
1.913851e-01	1.907565e-01	1.905788e-01	1.908932e-01	1.911302e-01	1.913241e-01	1.915055e-01	1.917032e-01	1.919485e-01	1.922296e-01	3.344633e-01	
1.871419e-01	1.847427e-01	1.845887e-01	1.855342e-01	1.862427e-01	1.868224e-01	1.873648e-01	1.879559e-01	1.886915e-01	1.896746e-01	3.327977e-01	
3.241602e-01	3.165469e-01	3.181513e-01	3.203714e-01	3.220251e-01	3.233782e-01	3.246442e-01	3.260238e-01	3.277414e-01	3.300863e-01	3.318091e-01	
1.823400e-01	3.155748e-01	1.806002e-01	1.812469e-01	1.817480e-01	1.821678e-01	1.825582e-01	1.829691e-01	1.834560e-01	1.840874e-01	1.841166e-01	
1.770049e-01	3.139365e-01	1.786375e-01	1.780401e-01	1.776558e-01	1.773705e-01	1.770967e-01	1.767546e-01	1.762546e-01	1.754790e-01	1.753051e-01	
3.054450e-01	3.129641e-01	3.112656e-01	3.091281e-01	3.076792e-01	3.065619e-01	3.055005e-01	3.042417e-01	3.025013e-01	2.999041e-01	2.978704e-01	
1.715920e-01	1.732990e-01	1.732562e-01	1.727262e-01	1.723668e-01	1.720799e-01	1.717878e-01	1.714179e-01	1.708886e-01	1.700909e-01	2.968568e-01	
1.661294e-01	1.643156e-01	1.644735e-01	1.653172e-01	1.658931e-01	1.663081e-01	1.666434e-01	1.669708e-01	1.673699e-01	1.679451e-01	2.951485e-01	
2.862822e-01	2.783883e-01	2.804722e-01	2.831605e-01	2.849886e-01	2.863303e-01	2.874673e-01	2.886518e-01	2.901640e-01	2.923756e-01	2.941346e-01	
1.605454e-01	2.773356e-01	1.589583e-01	1.597797e-01	1.603366e-01	1.607351e-01	1.610542e-01	1.613643e-01	1.617436e-01	1.622946e-01	1.623342e-01	
1.548693e-01	2.755617e-01	1.567336e-01	1.561258e-01	1.557096e-01	1.553735e-01	1.550328e-01	1.546108e-01	1.540223e-01	1.531570e-01	1.529953e-01	
2.663703e-01	2.745089e-01	2.726671e-01	2.703494e-01	2.687678e-01	2.675356e-01	2.663607e-01	2.649802e-01	2.631017e-01	2.603381e-01	2.581938e-01	
1.490812e-01	1.509357e-01	1.508872e-01	1.502993e-01	1.498962e-01	1.495707e-01	1.492408e-01	1.488327e-01	1.482642e-01	1.474254e-01	2.571051e-01	
1.432113e-01	1.412781e-01	1.414375e-01	1.423131e-01	1.429093e-01	1.433395e-01	1.436911e-01	1.440428e-01	1.444818e-01	1.451231e-01	2.552702e-01	
2.457788e-01	2.373425e-01	2.395354e-01	2.423584e-01	2.442781e-01	2.456937e-01	2.469067e-01	2.481882e-01	2.498398e-01	2.522607e-01	2.541812e-01	
1.372382e-01	2.362212e-01	1.355153e-01	1.363657e-01	1.369426e-01	1.373593e-01	1.377007e-01	1.380431e-01	1.384714e-01	1.390963e-01	1.391537e-01	
1.311931e-01	2.343316e-01	1.331443e-01	1.324703e-01	1.320093e-01	1.316434e-01	1.312828e-01	1.308470e-01	1.302462e-01	1.293642e-01	1.292076e-01	
2.245722e-01	2.332101e-01	2.312168e-01	2.287000e-01	2.269834e-01	2.256568e-01	2.244102e-01	2.229650e-01	2.210112e-01	2.181387e-01	2.159045e-01	
1.250544e-01	1.270242e-01	1.269579e-01	1.262978e-01	1.258456e-01	1.254875e-01	1.251359e-01	1.247123e-01	1.241293e-01	1.232702e-01	2.147544e-01	
1.188542e-01	1.168230e-01	1.169762e-01	1.178617e-01	1.184650e-01	1.189051e-01	1.192735e-01	1.196527e-01	1.201340e-01	1.208385e-01	2.128163e-01	
2.028216e-01	1.939513e-01	1.962195e-01	1.991321e-01	2.011135e-01	2.025838e-01	2.038599e-01	2.052271e-01	2.070028e-01	2.096068e-01	2.116661e-01	
1.125704e-01	1.927763e-01	1.107310e-01	1.115961e-01	1.121835e-01	1.126128e-01	1.129734e-01	1.133461e-01	1.138204e-01	1.145132e-01	1.145881e-01	
1.062358e-01	1.907962e-01	1.082466e-01	1.075144e-01	1.070147e-01	1.066241e-01	1.062493e-01	1.058064e-01	1.052021e-01	1.043154e-01	1.041658e-01	
1.805993e-01	1.896210e-01	1.875027e-01	1.848208e-01	1.829930e-01	1.815905e-01	1.802897e-01	1.787994e-01	1.767960e-01	1.738515e-01	1.715560e-01	
9.982689e-02	1.018851e-01	1.018020e-01	1.010799e-01	1.005865e-01	1.002020e-01	9.983451e-02	9.940121e-02	9.881050e-02	9.794058e-02	1.703598e-01	
9.337688e-02	9.127282e-02	9.141863e-02	9.230625e-02	9.291283e-02	9.336052e-02	9.374294e-02	9.414444e-02	9.465935e-02	9.541303e-02	1.683441e-01	
1.579723e-01	1.487789e-01	1.510967e-01	1.540694e-01	1.560956e-01	1.576089e-01	1.589358e-01	1.603704e-01	1.622409e-01	1.649834e-01	1.671478e-01	
8.686396e-02	1.475646e-01	8.492917e-02	8.580425e-02	8.640494e-02	8.685149e-02	8.723372e-02	8.763288e-02	8.814079e-02	8.887942e-02	8.896326e-02	
8.032157e-02	1.455183e-01	8.235788e-02	8.158770e-02	8.107666e-02	8.068883e-02	8.032074e-02	7.988042e-02	7.926876e-02	7.836170e-02	7.820464e-02	
1.350209e-01	1.443038e-01	1.420750e-01	1.392848e-01	1.374159e-01	1.360056e-01	1.347036e-01	1.331968e-01	1.311445e-01	1.281060e-01	1.257381e-01	
7.365810e-02	7.572473e-02	7.561036e-02	7.490997e-02	7.446660e-02	7.413871e-02	7.381822e-02	7.340806e-02	7.280050e-02	7.185303e-02	1.245090e-01	
6.690715e-02	6.456835e-02	6.470852e-02	6.578509e-02	6.658873e-02	6.721500e-02	6.774002e-02	6.822967e-02	6.875004e-02	6.937817e-02	1.224379e-01	
1.113382e-01	1.013313e-01	1.038502e-01	1.073019e-01	1.098025e-01	1.117358e-01	1.133964e-01	1.150427e-01	1.169426e-01	1.194234e-01	1.212087e-01	
6.074967e-02	1.000100e-01	5.754978e-02	5.900695e-02	6.007782e-02	6.090595e-02	6.161731e-02	6.232255e-02	6.313649e-02	6.419200e-02	6.389106e-02	
5.521872e-02	9.778331e-02	5.415216e-02	5.459055e-02	5.494793e-02	5.522475e-02	5.546254e-02	5.569830e-02	5.597039e-02	5.632079e-02	5.605551e-02	
9.192129e-02	9.646159e-02	9.191682e-02	9.181820e-02	9.181868e-02	9.181992e-02	9.182100e-02	9.182207e-02	9.182331e-02	9.182563e-02	9.185992e-02	
