6.995062e-01	6.996710e-01	6.997727e-01	6.997804e-01	6.997842e-01	6.997873e-01	6.997902e-01	6.997933e-01	6.997932e-01	6.995186e-01	6.895472e-01	
3.934652e-01	3.917269e-01	3.912320e-01	3.920944e-01	3.927454e-01	3.932796e-01	3.937817e-01	3.943308e-01	3.950135e-01	3.957966e-01	6.868158e-01	
3.817405e-01	3.751121e-01	3.746744e-01	3.772661e-01	3.792111e-01	3.808075e-01	3.823076e-01	3.839483e-01	3.859937e-01	3.887275e-01	6.822134e-01	
6.583662e-01	6.373559e-01	6.417498e-01	6.478310e-01	6.523675e-01	6.560909e-01	6.595893e-01	6.634156e-01	6.681877e-01	6.747018e-01	6.794818e-01	
3.684775e-01	6.346767e-01	3.636433e-01	3.653994e-01	3.667647e-01	3.679163e-01	3.689979e-01	3.701467e-01	3.715160e-01	3.732947e-01	3.733870e-01	
3.537721e-01	6.301617e-01	3.582264e-01	3.565422e-01	3.554577e-01	3.546603e-01	3.539093e-01	3.529857e-01	3.516431e-01	3.495584e-01	3.491007e-01	
6.068049e-01	6.274818e-01	6.227553e-01	6.167917e-01	6.127484e-01	6.096459e-01	6.067265e-01	6.032944e-01	5.985687e-01	5.915182e-01	5.859896e-01	
3.388785e-01	3.435777e-01	3.434362e-01	3.419146e-01	3.408829e-01	3.400711e-01	3.392644e-01	3.382630e-01	3.368417e-01	3.347002e-01	5.832104e-01	
3.239009e-01	3.189487e-01	3.193476e-01	3.215775e-01	3.231010e-01	3.242094e-01	3.251238e-01	3.260396e-01	3.271728e-01	3.288084e-01	5.785268e-01	
5.542872e-01	5.327361e-01	5.383358e-01	5.455446e-01	5.504500e-01	5.540726e-01	5.571806e-01	5.604625e-01	5.646830e-01	5.708557e-01	5.757469e-01	
3.086363e-01	5.298718e-01	3.042283e-01	3.063972e-01	3.078696e-01	3.089360e-01	3.098126e-01	3.106929e-01	3.117912e-01	3.133882e-01	3.135315e-01	
2.931908e-01	5.250450e-01	2.981667e-01	2.964346e-01	2.952499e-01	2.943120e-01	2.933922e-01	2.922841e-01	2.907579e-01	2.885156e-01	2.881206e-01	
5.001267e-01	5.221802e-01	5.170777e-01	5.106283e-01	5.062279e-01	5.028310e-01	4.996474e-01	4.959655e-01	4.909941e-01	4.836859e-01	4.779997e-01	
2.775054e-01	2.825379e-01	2.823611e-01	2.806518e-01	2.794808e-01	2.785572e-01	2.776579e-01	2.765819e-01	2.751053e-01	2.729299e-01	4.750655e-01	
2.616867e-01	2.565134e-01	2.568879e-01	2.591088e-01	2.606225e-01	2.617320e-01	2.626702e-01	2.636465e-01	2.648935e-01	2.667182e-01	4.701210e-01	
4.446555e-01	4.220689e-01	4.277991e-01	4.351502e-01	4.401531e-01	4.438769e-01	4.471289e-01	4.506352e-01	4.552029e-01	4.619001e-01	4.671865e-01	
2.456722e-01	4.190816e-01	2.409473e-01	2.431109e-01	2.445809e-01	2.456623e-01	2.465838e-01	2.475513e-01	2.487932e-01	2.506076e-01	2.508162e-01	
2.295675e-01	4.140477e-01	2.346243e-01	2.327166e-01	2.314144e-01	2.304064e-01	2.294571e-01	2.283544e-01	2.268624e-01	2.246744e-01	2.243210e-01	
3.881787e-01	4.110601e-01	4.056217e-01	3.987173e-01	3.940103e-01	3.904160e-01	3.871151e-01	3.833704e-01	3.783620e-01	3.710047e-01	3.652586e-01	
2.133117e-01	2.185380e-01	2.182995e-01	2.163929e-01	2.150889e-01	2.140843e-01	2.131463e-01	2.120656e-01	2.106091e-01	2.084670e-01	3.622345e-01	
1.970088e-01	1.917162e-01	1.920481e-01	1.941951e-01	1.956599e-01	1.967515e-01	1.977073e-01	1.987410e-01	2.000896e-01	2.020672e-01	3.571386e-01	
3.310036e-01	3.078704e-01	3.136061e-01	3.209370e-01	3.259286e-01	3.296769e-01	3.330095e-01	3.366708e-01	3.414882e-01	3.485569e-01	3.541143e-01	
1.805975e-01	3.048249e-01	1.756614e-01	1.777744e-01	1.792122e-01	1.802880e-01	1.812375e-01	1.822726e-01	1.836288e-01	1.856131e-01	1.858783e-01	
1.641795e-01	2.996930e-01	1.692176e-01	1.671838e-01	1.657986e-01	1.647465e-01	1.637893e-01	1.627128e-01	1.612789e-01	1.591782e-01	1.588673e-01	
2.734222e-01	2.966474e-01	2.910027e-01	2.838124e-01	2.789150e-01	2.752092e-01	2.718627e-01	2.681272e-01	2.631709e-01	2.558932e-01	2.501901e-01	
1.476916e-01	1.529993e-01	1.527102e-01	1.506648e-01	1.492693e-01	1.482139e-01	1.472602e-01	1.461941e-01	1.447778e-01	1.426968e-01	2.471376e-01	
1.312326e-01	1.259198e-01	1.262105e-01	1.282659e-01	1.296731e-01	1.307393e-01	1.316996e-01	1.327660e-01	1.341752e-01	1.362431e-01	2.419940e-01	
2.156938e-01	1.924531e-01	1.981076e-01	2.053197e-01	2.102404e-01	2.139667e-01	2.173253e-01	2.210603e-01	2.260022e-01	2.332540e-01	2.389415e-01	
1.147435e-01	1.894048e-01	1.096976e-01	1.117487e-01	1.131607e-01	1.142395e-01	1.152146e-01	1.162938e-01	1.177116e-01	1.197788e-01	1.200709e-01	
9.832022e-02	1.842684e-01	1.032415e-01	1.011597e-01	9.977845e-02	9.876070e-02	9.785114e-02	9.682312e-02	9.543252e-02	9.337325e-02	9.306406e-02	
1.580882e-01	1.812202e-01	1.754588e-01	1.681969e-01	1.633319e-01	1.597134e-01	1.564695e-01	1.528228e-01	1.479261e-01	1.406848e-01	1.350105e-01	
8.173341e-02	8.689651e-02	8.653386e-02	8.459195e-02	8.335395e-02	8.246507e-02	8.165457e-02	8.067995e-02	7.927307e-02	7.708119e-02	1.319773e-01	
6.507562e-02	5.937296e-02	5.964107e-02	6.208850e-02	6.393018e-02	6.539550e-02	6.666782e-02	6.790746e-02	6.927719e-02	7.097005e-02	1.268665e-01	
9.965906e-02	7.521605e-02	8.117701e-02	8.933128e-02	9.525631e-02	9.988601e-02	1.039396e-01	1.080508e-01	1.128824e-01	1.192473e-01	1.238335e-01	
4.996804e-02	7.200881e-02	4.206848e-02	4.550831e-02	4.804601e-02	5.002948e-02	5.176623e-02	5.352781e-02	5.559815e-02	5.830775e-02	5.764228e-02	
3.649818e-02	6.660441e-02	3.386473e-02	3.489546e-02	3.574242e-02	3.640550e-02	3.698614e-02	3.757513e-02	3.826737e-02	3.916728e-02	3.853783e-02	
5.237708e-02	6.339658e-02	5.236604e-02	5.212652e-02	5.212761e-02	5.213058e-02	5.213321e-02	5.213588e-02	5.213903e-02	5.214489e-02	5.222815e-02	
