5.274262e-01	5.275339e-01	5.276005e-01	5.276055e-01	5.276080e-01	5.276100e-01	5.276119e-01	5.276139e-01	5.276139e-01	5.274343e-01	5.209156e-01	
2.972191e-01	2.960834e-01	2.957614e-01	2.963279e-01	2.967551e-01	2.971050e-01	2.974329e-01	2.977906e-01	2.982349e-01	2.987443e-01	5.191300e-01	
2.895541e-01	2.852204e-01	2.849394e-01	2.866425e-01	2.879194e-01	2.889654e-01	2.899455e-01	2.910149e-01	2.923467e-01	2.941266e-01	5.161212e-01	
5.005228e-01	4.867763e-01	4.896653e-01	4.936632e-01	4.966428e-01	4.990834e-01	5.013704e-01	5.038659e-01	5.069747e-01	5.112186e-01	5.143353e-01	
2.808811e-01	4.850219e-01	2.777321e-01	2.788930e-01	2.797938e-01	2.805501e-01	2.812561e-01	2.820015e-01	2.828865e-01	2.840351e-01	2.840905e-01	
2.712523e-01	4.820653e-01	2.741881e-01	2.731011e-01	2.724015e-01	2.718840e-01	2.713907e-01	2.707778e-01	2.698838e-01	2.684965e-01	2.681877e-01	
4.667514e-01	4.803104e-01	4.772342e-01	4.733594e-01	4.707327e-01	4.687108e-01	4.667965e-01	4.645336e-01	4.614095e-01	4.567477e-01	4.530957e-01	
2.614892e-01	2.645686e-01	2.644858e-01	2.635147e-01	2.628564e-01	2.623336e-01	2.618060e-01	2.611427e-01	2.601963e-01	2.587702e-01	4.512698e-01	
2.516491e-01	2.483869e-01	2.486631e-01	2.501629e-01	2.511869e-01	2.519274e-01	2.525302e-01	2.531244e-01	2.538526e-01	2.549028e-01	4.481927e-01	
4.322385e-01	4.180416e-01	4.217676e-01	4.265707e-01	4.298377e-01	4.322410e-01	4.342868e-01	4.364289e-01	4.391709e-01	4.431812e-01	4.463663e-01	
2.416014e-01	4.161508e-01	2.387286e-01	2.401880e-01	2.411779e-01	2.418895e-01	2.424647e-01	2.430306e-01	2.437280e-01	2.447416e-01	2.448214e-01	
2.314054e-01	4.129644e-01	2.347303e-01	2.336192e-01	2.328586e-01	2.322492e-01	2.316389e-01	2.308907e-01	2.298523e-01	2.283257e-01	2.280464e-01	
3.964773e-01	4.110732e-01	4.077421e-01	4.035431e-01	4.006779e-01	3.984536e-01	3.963464e-01	3.938852e-01	3.905460e-01	3.856350e-01	3.818208e-01	
2.210242e-01	2.243521e-01	2.242537e-01	2.231701e-01	2.224273e-01	2.218331e-01	2.212400e-01	2.205155e-01	2.195120e-01	2.180322e-01	3.798723e-01	
2.105191e-01	2.070687e-01	2.073397e-01	2.088711e-01	2.099142e-01	2.106714e-01	2.112984e-01	2.119351e-01	2.127372e-01	2.139097e-01	3.765886e-01	
3.596315e-01	3.445723e-01	3.484497e-01	3.534349e-01	3.568261e-01	3.593359e-01	3.615025e-01	3.638098e-01	3.667961e-01	3.711737e-01	3.746397e-01	
1.998501e-01	3.425745e-01	1.967450e-01	1.982334e-01	1.992437e-01	1.999786e-01	2.005901e-01	2.012147e-01	2.020042e-01	2.031568e-01	2.032737e-01	
1.890802e-01	3.392081e-01	1.925186e-01	1.912876e-01	1.904465e-01	1.897856e-01	1.891461e-01	1.883852e-01	1.873440e-01	1.858161e-01	1.855544e-01	
3.218566e-01	3.372100e-01	3.336238e-01	3.290855e-01	3.259907e-01	3.236107e-01	3.213952e-01	3.188490e-01	3.154218e-01	3.103850e-01	3.064612e-01	
1.781696e-01	1.816733e-01	1.815382e-01	1.803212e-01	1.794882e-01	1.788362e-01	1.782094e-01	1.774677e-01	1.764555e-01	1.749653e-01	3.044231e-01	
1.671823e-01	1.635966e-01	1.638477e-01	1.653655e-01	1.664004e-01	1.671618e-01	1.678111e-01	1.684934e-01	1.693699e-01	1.706537e-01	3.009887e-01	
2.833192e-01	2.676553e-01	2.716085e-01	2.766753e-01	2.801238e-01	2.826955e-01	2.849505e-01	2.873926e-01	2.905819e-01	2.952602e-01	2.989504e-01	
1.560780e-01	2.655858e-01	1.527889e-01	1.542749e-01	1.552850e-01	1.560305e-01	1.566701e-01	1.573466e-01	1.582190e-01	1.594943e-01	1.596467e-01	
1.449214e-01	2.620985e-01	1.484111e-01	1.470808e-01	1.461736e-01	1.454737e-01	1.448178e-01	1.440589e-01	1.430342e-01	1.415318e-01	1.412916e-01	
2.441877e-01	2.600288e-01	2.562511e-01	2.514548e-01	2.481867e-01	2.456949e-01	2.434113e-01	2.408250e-01	2.373685e-01	2.322909e-01	2.283237e-01	
1.336702e-01	1.372874e-01	1.371183e-01	1.357927e-01	1.348875e-01	1.341921e-01	1.335443e-01	1.327985e-01	1.317933e-01	1.303147e-01	2.262316e-01	
1.223895e-01	1.187275e-01	1.189563e-01	1.204420e-01	1.214582e-01	1.222171e-01	1.228811e-01	1.235967e-01	1.245276e-01	1.258919e-01	2.227063e-01	
2.046203e-01	1.886126e-01	1.925815e-01	1.976594e-01	2.011224e-01	2.037255e-01	2.060375e-01	2.085708e-01	2.118970e-01	2.167756e-01	2.206141e-01	
1.110394e-01	1.865051e-01	1.076192e-01	1.090901e-01	1.101013e-01	1.108627e-01	1.115313e-01	1.122494e-01	1.131778e-01	1.145297e-01	1.147019e-01	
9.968532e-02	1.829540e-01	1.031552e-01	1.017684e-01	1.008482e-01	1.001601e-01	9.952601e-02	9.878780e-02	9.777509e-02	9.627448e-02	9.603100e-02	
1.647950e-01	1.808466e-01	1.769215e-01	1.719908e-01	1.686876e-01	1.662131e-01	1.639616e-01	1.613929e-01	1.579187e-01	1.527785e-01	1.487624e-01	
8.816760e-02	9.174619e-02	9.152158e-02	9.024202e-02	8.942902e-02	8.883700e-02	8.827853e-02	8.758552e-02	8.657187e-02	8.499212e-02	1.466473e-01	
7.655111e-02	7.255111e-02	7.276419e-02	7.454215e-02	7.587484e-02	7.692420e-02	7.781951e-02	7.867329e-02	7.959921e-02	8.073097e-02	1.430835e-01	
1.240497e-01	1.069213e-01	1.111626e-01	1.169704e-01	1.211848e-01	1.244610e-01	1.273028e-01	1.301535e-01	1.334746e-01	1.378311e-01	1.409684e-01	
6.598497e-02	1.046670e-01	6.047657e-02	6.292781e-02	6.473301e-02	6.613671e-02	6.735438e-02	6.857585e-02	6.999895e-02	7.185332e-02	7.136309e-02	
5.653176e-02	1.008684e-01	5.469538e-02	5.543142e-02	5.603397e-02	5.650327e-02	5.691039e-02	5.731880e-02	5.779463e-02	5.841043e-02	5.796286e-02	
9.086801e-02	9.861357e-02	9.086031e-02	9.069201e-02	9.069281e-02	9.069491e-02	9.069675e-02	9.069860e-02	9.070077e-02	9.070482e-02	9.076333e-02	
