1.971843e-01	1.972162e-01	1.972358e-01	1.972373e-01	1.972381e-01	1.972387e-01	1.972392e-01	1.972398e-01	1.972398e-01	1.971867e-01	1.952578e-01	
1.113963e-01	1.110604e-01	1.109655e-01	1.111339e-01	1.112607e-01	1.113644e-01	1.114613e-01	1.115669e-01	1.116978e-01	1.118478e-01	1.947295e-01	
1.091282e-01	1.078458e-01	1.077640e-01	1.082703e-01	1.086495e-01	1.089596e-01	1.092495e-01	1.095651e-01	1.099577e-01	1.104825e-01	1.938392e-01	
1.892215e-01	1.851509e-01	1.860102e-01	1.871991e-01	1.880845e-01	1.888084e-01	1.894851e-01	1.902219e-01	1.911389e-01	1.923907e-01	1.933107e-01	
1.065613e-01	1.846310e-01	1.056326e-01	1.059795e-01	1.062482e-01	1.064729e-01	1.066815e-01	1.069006e-01	1.071598e-01	1.074958e-01	1.075109e-01	
1.037081e-01	1.837548e-01	1.045832e-01	1.042653e-01	1.040609e-01	1.039088e-01	1.037622e-01	1.035784e-01	1.033095e-01	1.028924e-01	1.027984e-01	
1.792114e-01	1.832348e-01	1.823283e-01	1.811883e-01	1.804156e-01	1.798191e-01	1.792511e-01	1.785763e-01	1.776424e-01	1.762487e-01	1.751577e-01	
1.008121e-01	1.017253e-01	1.017034e-01	1.014226e-01	1.012322e-01	1.010797e-01	1.009235e-01	1.007249e-01	1.004402e-01	1.000111e-01	1.746149e-01	
9.788722e-02	9.691507e-02	9.700114e-02	9.745659e-02	9.776736e-02	9.799086e-02	9.817060e-02	9.834516e-02	9.855710e-02	9.886256e-02	1.737002e-01	
1.689497e-01	1.647188e-01	1.658398e-01	1.672864e-01	1.682700e-01	1.689909e-01	1.696001e-01	1.702328e-01	1.710392e-01	1.722186e-01	1.731573e-01	
9.489531e-02	1.641542e-01	9.404801e-02	9.449153e-02	9.479213e-02	9.500672e-02	9.517749e-02	9.534218e-02	9.554268e-02	9.583386e-02	9.585353e-02	
9.185080e-02	1.632027e-01	9.285519e-02	9.253273e-02	9.231182e-02	9.213263e-02	9.194952e-02	9.172136e-02	9.140235e-02	9.093313e-02	9.084431e-02	
1.582684e-01	1.626380e-01	1.616543e-01	1.604177e-01	1.595738e-01	1.589149e-01	1.582841e-01	1.575402e-01	1.565262e-01	1.550342e-01	1.538772e-01	
8.874332e-02	8.973863e-02	8.971470e-02	8.940446e-02	8.919164e-02	8.901879e-02	8.884193e-02	8.862145e-02	8.831329e-02	8.785845e-02	1.532919e-01	
8.558780e-02	8.454685e-02	8.463516e-02	8.511238e-02	8.543721e-02	8.567081e-02	8.586029e-02	8.604799e-02	8.628099e-02	8.662123e-02	1.523055e-01	
1.471977e-01	1.426554e-01	1.438429e-01	1.453727e-01	1.464129e-01	1.471782e-01	1.478311e-01	1.485175e-01	1.493998e-01	1.506929e-01	1.517201e-01	
8.237296e-02	1.420510e-01	8.145073e-02	8.191406e-02	8.222822e-02	8.245421e-02	8.263766e-02	8.281958e-02	8.304558e-02	8.337521e-02	8.340347e-02	
7.911423e-02	1.410323e-01	8.017304e-02	7.981521e-02	7.957038e-02	7.937475e-02	7.917982e-02	7.894202e-02	7.861287e-02	7.812943e-02	7.804185e-02	
1.357649e-01	1.404277e-01	1.393596e-01	1.380129e-01	1.370943e-01	1.363822e-01	1.357092e-01	1.349249e-01	1.338619e-01	1.322986e-01	1.310838e-01	
7.580036e-02	7.686322e-02	7.683060e-02	7.648225e-02	7.624356e-02	7.605306e-02	7.586363e-02	7.563290e-02	7.531376e-02	7.484328e-02	1.304619e-01	
7.244724e-02	7.134629e-02	7.143287e-02	7.192115e-02	7.225371e-02	7.249510e-02	7.269500e-02	7.289811e-02	7.315413e-02	7.352859e-02	1.294137e-01	
1.240009e-01	1.191937e-01	1.204325e-01	1.220249e-01	1.231080e-01	1.239093e-01	1.246006e-01	1.253365e-01	1.262889e-01	1.276855e-01	1.287916e-01	
6.904329e-02	1.185559e-01	6.805394e-02	6.853035e-02	6.885369e-02	6.908863e-02	6.928360e-02	6.948218e-02	6.973283e-02	7.009883e-02	7.013567e-02	
6.560483e-02	1.174811e-01	6.670580e-02	6.631586e-02	6.604954e-02	6.583972e-02	6.563553e-02	6.539121e-02	6.505597e-02	6.456385e-02	6.447836e-02	
1.119374e-01	1.168432e-01	1.157020e-01	1.142596e-01	1.132764e-01	1.125192e-01	1.118118e-01	1.109957e-01	1.098951e-01	1.082770e-01	1.070172e-01	
6.211948e-02	6.323812e-02	6.319712e-02	6.281505e-02	6.255389e-02	6.234857e-02	6.214917e-02	6.191079e-02	6.158370e-02	6.110170e-02	1.063652e-01	
5.860393e-02	5.745384e-02	5.753812e-02	5.803415e-02	5.837295e-02	5.862138e-02	5.883070e-02	5.904708e-02	5.932215e-02	5.972449e-02	1.052666e-01	
9.960353e-02	9.457974e-02	9.585857e-02	9.750108e-02	9.862028e-02	9.945305e-02	1.001778e-01	1.009553e-01	1.019648e-01	1.034445e-01	1.046145e-01	
5.504662e-02	9.391484e-02	5.399876e-02	5.448663e-02	5.482125e-02	5.506825e-02	5.527656e-02	5.549045e-02	5.575993e-02	5.615149e-02	5.619251e-02	
5.146455e-02	9.279442e-02	5.259122e-02	5.217874e-02	5.190505e-02	5.169546e-02	5.149305e-02	5.124721e-02	5.090336e-02	5.039323e-02	5.030191e-02	
8.703616e-02	9.212945e-02	9.091958e-02	8.940817e-02	8.839580e-02	8.762866e-02	8.691424e-02	8.608078e-02	8.494103e-02	8.325307e-02	8.193944e-02	
4.780765e-02	4.894063e-02	4.888280e-02	4.851107e-02	4.827631e-02	4.810100e-02	4.792595e-02	4.769793e-02	4.735780e-02	4.682720e-02	8.126319e-02	
4.409312e-02	4.280178e-02	4.288406e-02	4.349009e-02	4.394146e-02	4.429124e-02	4.458161e-02	4.484897e-02	4.512969e-02	4.546596e-02	8.012363e-02	
7.400430e-02	6.848160e-02	6.988460e-02	7.180802e-02	7.320013e-02	7.427309e-02	7.518967e-02	7.609220e-02	7.712812e-02	7.847693e-02	7.944731e-02	
4.069979e-02	6.775101e-02	3.893955e-02	3.975162e-02	4.034771e-02	4.080727e-02	4.119985e-02	4.158643e-02	4.203014e-02	4.260391e-02	4.243327e-02	
3.764478e-02	6.651985e-02	3.705814e-02	3.730271e-02	3.750163e-02	3.765523e-02	3.778645e-02	3.791566e-02	3.806397e-02	3.825441e-02	3.810682e-02	
6.327855e-02	6.578903e-02	6.327609e-02	6.322157e-02	6.322184e-02	6.322253e-02	6.322313e-02	6.322371e-02	6.322439e-02	6.322566e-02	6.324462e-02	
