7.271819e-01	7.273592e-01	7.274687e-01	7.274770e-01	7.274810e-01	7.274844e-01	7.274875e-01	7.274908e-01	7.274908e-01	7.271952e-01	7.164631e-01	
4.088303e-01	4.069587e-01	4.064241e-01	4.073491e-01	4.080477e-01	4.086219e-01	4.091627e-01	4.097551e-01	4.104923e-01	4.113384e-01	7.135233e-01	
3.962111e-01	3.890775e-01	3.886003e-01	3.913792e-01	3.934662e-01	3.951817e-01	3.967968e-01	3.985665e-01	4.007745e-01	4.037255e-01	7.085698e-01	
6.829129e-01	6.603127e-01	6.650224e-01	6.715411e-01	6.764073e-01	6.804069e-01	6.841723e-01	6.882977e-01	6.934469e-01	7.004753e-01	7.056297e-01	
3.819392e-01	6.574326e-01	3.767226e-01	3.785974e-01	3.800572e-01	3.812925e-01	3.824579e-01	3.837011e-01	3.851868e-01	3.871183e-01	3.872233e-01	
3.661299e-01	6.525789e-01	3.708959e-01	3.690665e-01	3.678882e-01	3.670254e-01	3.662200e-01	3.652367e-01	3.638109e-01	3.615960e-01	3.611146e-01	
6.274924e-01	6.496980e-01	6.445949e-01	6.381484e-01	6.337773e-01	6.304306e-01	6.272951e-01	6.236239e-01	6.185783e-01	6.110513e-01	6.051450e-01	
3.501312e-01	3.551804e-01	3.550167e-01	3.533513e-01	3.522220e-01	3.513388e-01	3.504709e-01	3.494034e-01	3.478938e-01	3.456197e-01	6.021643e-01	
3.340678e-01	3.287666e-01	3.291781e-01	3.315295e-01	3.331365e-01	3.343110e-01	3.352892e-01	3.362801e-01	3.375145e-01	3.392968e-01	5.971412e-01	
5.711773e-01	5.481071e-01	5.540592e-01	5.617141e-01	5.669245e-01	5.707828e-01	5.741116e-01	5.776478e-01	5.822096e-01	5.888815e-01	5.941598e-01	
3.177188e-01	5.450453e-01	3.129648e-01	3.152515e-01	3.168047e-01	3.179358e-01	3.188768e-01	3.198351e-01	3.210407e-01	3.227941e-01	3.229641e-01	
3.012085e-01	5.398859e-01	3.064823e-01	3.045944e-01	3.033038e-01	3.022904e-01	3.013108e-01	3.001451e-01	2.985488e-01	2.962040e-01	2.958022e-01	
5.132919e-01	5.368237e-01	5.313283e-01	5.243694e-01	5.196218e-01	5.159709e-01	5.125741e-01	5.086726e-01	5.034222e-01	4.957059e-01	4.896943e-01	
2.844724e-01	2.898451e-01	2.896359e-01	2.877597e-01	2.864746e-01	2.854704e-01	2.845085e-01	2.833740e-01	2.818276e-01	2.795506e-01	4.865707e-01	
2.676324e-01	2.621408e-01	2.625160e-01	2.648195e-01	2.663901e-01	2.675491e-01	2.685435e-01	2.695953e-01	2.709509e-01	2.729355e-01	4.813070e-01	
4.542453e-01	4.302630e-01	4.362878e-01	4.440047e-01	4.492579e-01	4.531828e-01	4.566372e-01	4.603923e-01	4.653046e-01	4.725081e-01	4.781831e-01	
2.506207e-01	4.270974e-01	2.455573e-01	2.478064e-01	2.493354e-01	2.504687e-01	2.514502e-01	2.524988e-01	2.538578e-01	2.558438e-01	2.560887e-01	
2.335550e-01	4.217632e-01	2.388557e-01	2.367887e-01	2.353787e-01	2.342973e-01	2.332961e-01	2.321516e-01	2.306148e-01	2.283619e-01	2.280125e-01	
3.944014e-01	4.185973e-01	4.127840e-01	4.053893e-01	4.003488e-01	3.965167e-01	3.930271e-01	3.891007e-01	3.838707e-01	3.761894e-01	3.701798e-01	
2.163698e-01	2.218988e-01	2.216222e-01	2.195454e-01	2.181255e-01	2.170417e-01	2.160476e-01	2.149212e-01	2.134154e-01	2.112020e-01	3.669906e-01	
1.991771e-01	1.936132e-01	1.939381e-01	1.961360e-01	1.976359e-01	1.987628e-01	1.997658e-01	2.008691e-01	2.023216e-01	2.044528e-01	3.616166e-01	
3.341061e-01	3.097765e-01	3.157468e-01	3.233638e-01	3.285511e-01	3.324622e-01	3.359681e-01	3.398520e-01	3.449841e-01	3.525164e-01	3.584273e-01	
1.819123e-01	3.065800e-01	1.766746e-01	1.788475e-01	1.803269e-01	1.814430e-01	1.824442e-01	1.835543e-01	1.850213e-01	1.871687e-01	1.874718e-01	
1.646809e-01	3.011938e-01	1.699126e-01	1.677349e-01	1.662527e-01	1.651360e-01	1.641362e-01	1.630295e-01	1.615670e-01	1.594249e-01	1.591221e-01	
2.736687e-01	2.979974e-01	2.920260e-01	2.844072e-01	2.792191e-01	2.753087e-01	2.718047e-01	2.679231e-01	2.627927e-01	2.552602e-01	2.493470e-01	
1.474169e-01	1.529782e-01	1.526532e-01	1.504568e-01	1.489588e-01	1.478345e-01	1.468338e-01	1.457319e-01	1.442793e-01	1.421460e-01	2.461574e-01	
1.302189e-01	1.246827e-01	1.249660e-01	1.270583e-01	1.284911e-01	1.295846e-01	1.305836e-01	1.317086e-01	1.332059e-01	1.354046e-01	2.407830e-01	
2.133432e-01	1.891127e-01	1.949589e-01	2.024035e-01	2.074832e-01	2.113426e-01	2.148444e-01	2.187647e-01	2.239697e-01	2.316096e-01	2.375934e-01	
1.130267e-01	1.859398e-01	1.077314e-01	1.098315e-01	1.112779e-01	1.123903e-01	1.134085e-01	1.145497e-01	1.160589e-01	1.182607e-01	1.185845e-01	
9.593216e-02	1.805935e-01	1.010145e-01	9.881724e-02	9.735943e-02	9.629126e-02	9.534793e-02	9.429435e-02	9.287720e-02	9.077860e-02	9.047324e-02	
1.533756e-01	1.774208e-01	1.713920e-01	1.637845e-01	1.586883e-01	1.549078e-01	1.515368e-01	1.477675e-01	1.427192e-01	1.352537e-01	1.293964e-01	
7.869929e-02	8.406712e-02	8.367594e-02	8.162305e-02	8.031281e-02	7.937642e-02	7.853237e-02	7.752852e-02	7.608602e-02	7.383820e-02	1.262488e-01	
6.141419e-02	5.550682e-02	5.577453e-02	5.828273e-02	6.017182e-02	6.167953e-02	6.299580e-02	6.428677e-02	6.572117e-02	6.749943e-02	1.209452e-01	
9.273663e-02	6.740430e-02	7.355866e-02	8.197274e-02	8.808734e-02	9.287126e-02	9.707056e-02	1.013428e-01	1.063760e-01	1.130141e-01	1.177979e-01	
4.575519e-02	6.408284e-02	3.756037e-02	4.110832e-02	4.372633e-02	4.577522e-02	4.757388e-02	4.940403e-02	5.156025e-02	5.438570e-02	5.370641e-02	
3.180267e-02	5.848601e-02	2.907138e-02	3.013364e-02	3.100716e-02	3.169194e-02	3.229314e-02	3.290493e-02	3.362575e-02	3.456401e-02	3.391482e-02	
4.375217e-02	5.516399e-02	4.374072e-02	4.349265e-02	4.349376e-02	4.349683e-02	4.349955e-02	4.350232e-02	4.350561e-02	4.351170e-02	4.359793e-02	
