2.714456e-01	2.714912e-01	2.715193e-01	2.715215e-01	2.715225e-01	2.715234e-01	2.715242e-01	2.715250e-01	2.715250e-01	2.714490e-01	2.686887e-01	
1.532917e-01	1.528110e-01	1.526751e-01	1.529159e-01	1.530972e-01	1.532456e-01	1.533843e-01	1.535354e-01	1.537230e-01	1.539378e-01	2.679326e-01	
1.500460e-01	1.482108e-01	1.480934e-01	1.488173e-01	1.493597e-01	1.498033e-01	1.502181e-01	1.506700e-01	1.512322e-01	1.519837e-01	2.666585e-01	
2.600509e-01	2.542265e-01	2.554550e-01	2.571549e-01	2.584210e-01	2.594565e-01	2.604249e-01	2.614797e-01	2.627927e-01	2.645852e-01	2.659023e-01	
1.463728e-01	2.534827e-01	1.450429e-01	1.455386e-01	1.459225e-01	1.462439e-01	1.465424e-01	1.468563e-01	1.472279e-01	1.477098e-01	1.477318e-01	
1.422907e-01	2.522291e-01	1.435414e-01	1.430856e-01	1.427923e-01	1.425744e-01	1.423647e-01	1.421024e-01	1.417186e-01	1.411235e-01	1.409896e-01	
2.457303e-01	2.514851e-01	2.501870e-01	2.485539e-01	2.474469e-01	2.465928e-01	2.457805e-01	2.448161e-01	2.434820e-01	2.414911e-01	2.399325e-01	
1.381482e-01	1.394544e-01	1.394225e-01	1.390190e-01	1.387454e-01	1.385266e-01	1.383031e-01	1.380195e-01	1.376132e-01	1.370010e-01	2.391564e-01	
1.339659e-01	1.325764e-01	1.326985e-01	1.333473e-01	1.337900e-01	1.341088e-01	1.343656e-01	1.346158e-01	1.349200e-01	1.353584e-01	2.378485e-01	
2.310578e-01	2.250108e-01	2.266103e-01	2.286740e-01	2.300773e-01	2.311065e-01	2.319773e-01	2.328830e-01	2.340383e-01	2.357279e-01	2.370722e-01	
1.296891e-01	2.242041e-01	1.284758e-01	1.291076e-01	1.295358e-01	1.298418e-01	1.300861e-01	1.303225e-01	1.306109e-01	1.310298e-01	1.310590e-01	
1.253392e-01	2.228447e-01	1.267713e-01	1.263082e-01	1.259911e-01	1.257343e-01	1.254730e-01	1.251482e-01	1.246946e-01	1.240276e-01	1.239021e-01	
2.157976e-01	2.220378e-01	2.206296e-01	2.188585e-01	2.176499e-01	2.167071e-01	2.158063e-01	2.147457e-01	2.133012e-01	2.111759e-01	2.095274e-01	
1.209013e-01	1.223229e-01	1.222874e-01	1.218408e-01	1.215344e-01	1.212863e-01	1.210336e-01	1.207196e-01	1.202815e-01	1.196349e-01	2.086920e-01	
1.163975e-01	1.149130e-01	1.150373e-01	1.157141e-01	1.161748e-01	1.165067e-01	1.167768e-01	1.170456e-01	1.173802e-01	1.178688e-01	2.072842e-01	
1.999976e-01	1.935192e-01	1.952084e-01	1.973837e-01	1.988629e-01	1.999523e-01	2.008837e-01	2.018650e-01	2.031280e-01	2.049791e-01	2.064486e-01	
1.118116e-01	1.926576e-01	1.104928e-01	1.111500e-01	1.115957e-01	1.119169e-01	1.121788e-01	1.124399e-01	1.127652e-01	1.132399e-01	1.132819e-01	
1.071665e-01	1.912056e-01	1.086712e-01	1.081575e-01	1.078061e-01	1.075262e-01	1.072487e-01	1.069116e-01	1.064459e-01	1.057620e-01	1.056393e-01	
1.837014e-01	1.903438e-01	1.888170e-01	1.868908e-01	1.855769e-01	1.845598e-01	1.836012e-01	1.824866e-01	1.809778e-01	1.787593e-01	1.770345e-01	
1.024459e-01	1.039603e-01	1.039117e-01	1.034102e-01	1.030667e-01	1.027934e-01	1.025233e-01	1.021960e-01	1.017443e-01	1.010785e-01	1.761492e-01	
9.767332e-02	9.610795e-02	9.622873e-02	9.691754e-02	9.738675e-02	9.772810e-02	9.801219e-02	9.830254e-02	9.866978e-02	9.920703e-02	1.746574e-01	
1.669582e-01	1.601227e-01	1.618779e-01	1.641331e-01	1.656671e-01	1.668035e-01	1.677867e-01	1.688364e-01	1.701972e-01	1.721926e-01	1.737720e-01	
9.283212e-02	1.592164e-01	9.142041e-02	9.209285e-02	9.254934e-02	9.288191e-02	9.315947e-02	9.344406e-02	9.380465e-02	9.433130e-02	9.438612e-02	
8.794638e-02	1.576892e-01	8.950455e-02	8.894558e-02	8.856392e-02	8.826435e-02	8.797471e-02	8.763011e-02	8.715851e-02	8.646634e-02	8.634766e-02	
1.498179e-01	1.567828e-01	1.551556e-01	1.530974e-01	1.516945e-01	1.506159e-01	1.496116e-01	1.484567e-01	1.469015e-01	1.446153e-01	1.428342e-01	
8.299834e-02	8.458689e-02	8.452593e-02	8.397657e-02	8.360113e-02	8.330720e-02	8.302380e-02	8.268717e-02	8.222662e-02	8.154817e-02	1.419096e-01	
7.801253e-02	7.638360e-02	7.649999e-02	7.719549e-02	7.767065e-02	7.802010e-02	7.831638e-02	7.862486e-02	7.901860e-02	7.959471e-02	1.403515e-01	
1.323265e-01	1.252102e-01	1.270137e-01	1.293286e-01	1.309063e-01	1.320821e-01	1.331090e-01	1.342145e-01	1.356527e-01	1.377611e-01	1.394267e-01	
7.297238e-02	1.242692e-01	7.148193e-02	7.216672e-02	7.263658e-02	7.298453e-02	7.327997e-02	7.358570e-02	7.397268e-02	7.453518e-02	7.459640e-02	
6.790277e-02	1.226835e-01	6.948969e-02	6.889994e-02	6.850863e-02	6.821022e-02	6.792432e-02	6.757947e-02	6.709865e-02	6.638543e-02	6.625964e-02	
1.145410e-01	1.217424e-01	1.200233e-01	1.178737e-01	1.164339e-01	1.153449e-01	1.143348e-01	1.131607e-01	1.115581e-01	1.091850e-01	1.073370e-01	
6.273280e-02	6.433532e-02	6.425037e-02	6.371665e-02	6.337922e-02	6.312837e-02	6.288035e-02	6.255988e-02	6.208336e-02	6.134010e-02	1.063820e-01	
5.748757e-02	5.566699e-02	5.577984e-02	5.662678e-02	5.725822e-02	5.774879e-02	5.815785e-02	5.853671e-02	5.893673e-02	5.941760e-02	1.047729e-01	
9.613965e-02	8.835188e-02	9.032202e-02	9.302245e-02	9.497775e-02	9.648689e-02	9.777933e-02	9.905589e-02	1.005248e-01	1.024399e-01	1.038179e-01	
5.269936e-02	8.732253e-02	5.021350e-02	5.135355e-02	5.219085e-02	5.283726e-02	5.339086e-02	5.393768e-02	5.456691e-02	5.538164e-02	5.514394e-02	
4.839303e-02	8.558791e-02	4.756451e-02	4.790769e-02	4.818711e-02	4.840318e-02	4.858822e-02	4.877101e-02	4.898134e-02	4.925178e-02	4.904442e-02	
8.102118e-02	8.455824e-02	8.101771e-02	8.094088e-02	8.094127e-02	8.094224e-02	8.094307e-02	8.094390e-02	8.094486e-02	8.094666e-02	8.097337e-02	
