3.488897e-01	3.489515e-01	3.489896e-01	3.489925e-01	3.489940e-01	3.489951e-01	3.489962e-01	3.489974e-01	3.489973e-01	3.488943e-01	3.451540e-01	
1.969211e-01	1.962696e-01	1.960853e-01	1.964112e-01	1.966568e-01	1.968578e-01	1.970458e-01	1.972507e-01	1.975050e-01	1.977965e-01	3.441294e-01	
1.925231e-01	1.900363e-01	1.898767e-01	1.908565e-01	1.915908e-01	1.921916e-01	1.927538e-01	1.933665e-01	1.941290e-01	1.951481e-01	3.424030e-01	
3.334505e-01	3.255596e-01	3.272223e-01	3.295230e-01	3.312369e-01	3.326392e-01	3.339514e-01	3.353815e-01	3.371619e-01	3.395926e-01	3.413784e-01	
1.875460e-01	3.245521e-01	1.857426e-01	1.864127e-01	1.869319e-01	1.873669e-01	1.877717e-01	1.881977e-01	1.887024e-01	1.893571e-01	1.893875e-01	
1.820165e-01	3.228542e-01	1.837083e-01	1.830889e-01	1.826904e-01	1.823946e-01	1.821109e-01	1.817565e-01	1.812385e-01	1.804350e-01	1.802549e-01	
3.140536e-01	3.218463e-01	3.200856e-01	3.178697e-01	3.163677e-01	3.152095e-01	3.141094e-01	3.128051e-01	3.110018e-01	3.083106e-01	3.062034e-01	
1.764066e-01	1.781757e-01	1.781313e-01	1.775815e-01	1.772087e-01	1.769112e-01	1.766084e-01	1.762252e-01	1.756768e-01	1.748505e-01	3.051529e-01	
1.707455e-01	1.688659e-01	1.690293e-01	1.699031e-01	1.704995e-01	1.709294e-01	1.712768e-01	1.716163e-01	1.720301e-01	1.726267e-01	3.033826e-01	
2.941946e-01	2.860145e-01	2.881734e-01	2.909582e-01	2.928519e-01	2.942420e-01	2.954202e-01	2.966480e-01	2.982157e-01	3.005085e-01	3.023318e-01	
1.649589e-01	2.849238e-01	1.633137e-01	1.641643e-01	1.647411e-01	1.651540e-01	1.654846e-01	1.658062e-01	1.661997e-01	1.667714e-01	1.668127e-01	
1.590774e-01	2.830857e-01	1.610085e-01	1.603781e-01	1.599464e-01	1.595980e-01	1.592450e-01	1.588080e-01	1.581989e-01	1.573030e-01	1.571358e-01	
2.735623e-01	2.819948e-01	2.800856e-01	2.776831e-01	2.760435e-01	2.747664e-01	2.735491e-01	2.721191e-01	2.701737e-01	2.673117e-01	2.650909e-01	
1.530803e-01	1.550018e-01	1.549512e-01	1.543413e-01	1.539230e-01	1.535854e-01	1.532436e-01	1.528210e-01	1.522324e-01	1.513640e-01	2.639630e-01	
1.469992e-01	1.449967e-01	1.451614e-01	1.460675e-01	1.466843e-01	1.471297e-01	1.474939e-01	1.478584e-01	1.483137e-01	1.489789e-01	2.620621e-01	
2.522299e-01	2.434912e-01	2.457616e-01	2.486842e-01	2.506716e-01	2.521375e-01	2.533940e-01	2.547221e-01	2.564341e-01	2.589434e-01	2.609339e-01	
1.408117e-01	2.423298e-01	1.390262e-01	1.399062e-01	1.405032e-01	1.409346e-01	1.412883e-01	1.416434e-01	1.420877e-01	1.427361e-01	1.427960e-01	
1.345504e-01	2.403726e-01	1.365703e-01	1.358713e-01	1.353933e-01	1.350140e-01	1.346406e-01	1.341896e-01	1.335683e-01	1.326560e-01	1.324944e-01	
2.302654e-01	2.392110e-01	2.371454e-01	2.345370e-01	2.327580e-01	2.313835e-01	2.300925e-01	2.285964e-01	2.265744e-01	2.236016e-01	2.212892e-01	
1.281931e-01	1.302331e-01	1.301640e-01	1.294790e-01	1.290099e-01	1.286386e-01	1.282744e-01	1.278361e-01	1.272330e-01	1.263444e-01	2.200983e-01	
1.217729e-01	1.196702e-01	1.198282e-01	1.207436e-01	1.213673e-01	1.218224e-01	1.222038e-01	1.225967e-01	1.230958e-01	1.238263e-01	2.180915e-01	
2.077435e-01	1.985602e-01	2.009069e-01	2.039200e-01	2.059698e-01	2.074912e-01	2.088124e-01	2.102287e-01	2.120686e-01	2.147669e-01	2.169004e-01	
1.152672e-01	1.973439e-01	1.133617e-01	1.142561e-01	1.148634e-01	1.153074e-01	1.156809e-01	1.160673e-01	1.165593e-01	1.172782e-01	1.173562e-01	
1.087099e-01	1.952942e-01	1.107899e-01	1.100308e-01	1.095127e-01	1.091080e-01	1.087201e-01	1.082623e-01	1.076379e-01	1.067219e-01	1.065677e-01	
1.847403e-01	1.940777e-01	1.918835e-01	1.891052e-01	1.872117e-01	1.857593e-01	1.844130e-01	1.828714e-01	1.807997e-01	1.777550e-01	1.753811e-01	
1.020769e-01	1.042072e-01	1.041205e-01	1.033714e-01	1.028596e-01	1.024611e-01	1.020806e-01	1.016326e-01	1.010222e-01	1.001233e-01	1.741433e-01	
9.540251e-02	9.322579e-02	9.337590e-02	9.429241e-02	9.491877e-02	9.538131e-02	9.577690e-02	9.619276e-02	9.672648e-02	9.750774e-02	1.720575e-01	
1.613264e-01	1.518154e-01	1.542113e-01	1.572838e-01	1.593781e-01	1.609427e-01	1.623155e-01	1.638007e-01	1.657379e-01	1.685782e-01	1.708196e-01	
8.866425e-02	1.505593e-01	8.666108e-02	8.756484e-02	8.818525e-02	8.864675e-02	8.904228e-02	8.945592e-02	8.998269e-02	9.074879e-02	9.083630e-02	
8.189691e-02	1.484426e-01	8.400134e-02	8.320318e-02	8.267358e-02	8.227198e-02	8.189137e-02	8.143667e-02	8.080543e-02	7.986936e-02	7.970777e-02	
1.375861e-01	1.471864e-01	1.448793e-01	1.419906e-01	1.400556e-01	1.385960e-01	1.372494e-01	1.356922e-01	1.335719e-01	1.304330e-01	1.279864e-01	
7.500570e-02	7.714315e-02	7.702407e-02	7.629770e-02	7.583780e-02	7.549795e-02	7.516638e-02	7.474267e-02	7.411543e-02	7.313730e-02	1.267156e-01	
6.802558e-02	6.560812e-02	6.575221e-02	6.686312e-02	6.769254e-02	6.833924e-02	6.888184e-02	6.938845e-02	6.992739e-02	7.057835e-02	1.245742e-01	
1.130997e-01	1.027557e-01	1.053573e-01	1.089224e-01	1.115052e-01	1.135026e-01	1.152191e-01	1.169218e-01	1.188878e-01	1.214553e-01	1.233033e-01	
6.165995e-02	1.013901e-01	5.835137e-02	5.985633e-02	6.096245e-02	6.181805e-02	6.255338e-02	6.328279e-02	6.412503e-02	6.521750e-02	6.490717e-02	
5.594314e-02	9.908882e-02	5.484034e-02	5.529307e-02	5.566222e-02	5.594822e-02	5.619403e-02	5.643787e-02	5.671942e-02	5.708209e-02	5.680808e-02	
9.303038e-02	9.772282e-02	9.302576e-02	9.292383e-02	9.292433e-02	9.292561e-02	9.292673e-02	9.292783e-02	9.292911e-02	9.293152e-02	9.296696e-02	
