3.751016e-01	3.751694e-01	3.752112e-01	3.752144e-01	3.752160e-01	3.752173e-01	3.752185e-01	3.752197e-01	3.752197e-01	3.751067e-01	3.710046e-01	
2.116716e-01	2.109571e-01	2.107549e-01	2.111122e-01	2.113815e-01	2.116018e-01	2.118080e-01	2.120328e-01	2.123118e-01	2.126316e-01	3.698810e-01	
2.068483e-01	2.041210e-01	2.039457e-01	2.050199e-01	2.058249e-01	2.064837e-01	2.071003e-01	2.077724e-01	2.086089e-01	2.097269e-01	3.679876e-01	
3.581696e-01	3.495161e-01	3.513388e-01	3.538609e-01	3.557399e-01	3.572775e-01	3.587167e-01	3.602853e-01	3.622385e-01	3.649049e-01	3.668638e-01	
2.013899e-01	3.484113e-01	1.994115e-01	2.001457e-01	2.007148e-01	2.011918e-01	2.016357e-01	2.021031e-01	2.026572e-01	2.033760e-01	2.034095e-01	
1.953264e-01	3.465494e-01	1.971806e-01	1.965006e-01	1.960630e-01	1.957385e-01	1.954274e-01	1.950392e-01	1.944719e-01	1.935920e-01	1.933949e-01	
3.368999e-01	3.454442e-01	3.435125e-01	3.410811e-01	3.394329e-01	3.381625e-01	3.369563e-01	3.355267e-01	3.335507e-01	3.306019e-01	3.282928e-01	
1.891752e-01	1.911150e-01	1.910658e-01	1.904616e-01	1.900520e-01	1.897253e-01	1.893932e-01	1.889734e-01	1.883729e-01	1.874679e-01	3.271412e-01	
1.829690e-01	1.809088e-01	1.810873e-01	1.820434e-01	1.826961e-01	1.831667e-01	1.835475e-01	1.839201e-01	1.843746e-01	1.850298e-01	3.252004e-01	
3.151292e-01	3.061635e-01	3.085278e-01	3.115773e-01	3.136510e-01	3.151738e-01	3.164653e-01	3.178120e-01	3.195322e-01	3.220481e-01	3.240484e-01	
1.766262e-01	3.049683e-01	1.748214e-01	1.757521e-01	1.763832e-01	1.768353e-01	1.771979e-01	1.775510e-01	1.779837e-01	1.786122e-01	1.786583e-01	
1.701809e-01	3.029540e-01	1.722950e-01	1.716025e-01	1.711283e-01	1.707460e-01	1.703593e-01	1.698813e-01	1.692153e-01	1.682361e-01	1.680538e-01	
2.925198e-01	3.017585e-01	2.996643e-01	2.970283e-01	2.952295e-01	2.938290e-01	2.924952e-01	2.909299e-01	2.888010e-01	2.856694e-01	2.832391e-01	
1.636103e-01	1.657157e-01	1.656593e-01	1.649885e-01	1.645284e-01	1.641577e-01	1.637830e-01	1.633206e-01	1.626772e-01	1.617280e-01	2.820036e-01	
1.569497e-01	1.547573e-01	1.549364e-01	1.559256e-01	1.565992e-01	1.570859e-01	1.574846e-01	1.578845e-01	1.583846e-01	1.591154e-01	2.799216e-01	
2.691551e-01	2.595871e-01	2.620697e-01	2.652648e-01	2.674378e-01	2.690412e-01	2.704171e-01	2.718730e-01	2.737508e-01	2.765032e-01	2.786859e-01	
1.501745e-01	2.583158e-01	1.482169e-01	1.491778e-01	1.498297e-01	1.503013e-01	1.506887e-01	1.510787e-01	1.515674e-01	1.522806e-01	1.523474e-01	
1.433209e-01	2.561734e-01	1.455285e-01	1.447607e-01	1.442357e-01	1.438197e-01	1.434113e-01	1.429190e-01	1.422415e-01	1.412467e-01	1.410713e-01	
2.451132e-01	2.549019e-01	2.526378e-01	2.497779e-01	2.478273e-01	2.463213e-01	2.449086e-01	2.432736e-01	2.410650e-01	2.378181e-01	2.352919e-01	
1.363643e-01	1.385969e-01	1.385197e-01	1.377663e-01	1.372504e-01	1.368427e-01	1.364441e-01	1.359654e-01	1.353076e-01	1.343385e-01	2.339893e-01	
1.293420e-01	1.270432e-01	1.272143e-01	1.282110e-01	1.288901e-01	1.293864e-01	1.298032e-01	1.302338e-01	1.307819e-01	1.315840e-01	2.317942e-01	
2.204794e-01	2.104396e-01	2.130005e-01	2.162879e-01	2.185245e-01	2.201856e-01	2.216301e-01	2.231810e-01	2.251972e-01	2.281542e-01	2.304915e-01	
1.222289e-01	2.091103e-01	1.201420e-01	1.211161e-01	1.217776e-01	1.222620e-01	1.226706e-01	1.230946e-01	1.236356e-01	1.244260e-01	1.245132e-01	
1.150626e-01	2.068702e-01	1.173311e-01	1.164979e-01	1.159293e-01	1.154860e-01	1.150625e-01	1.145640e-01	1.138852e-01	1.128892e-01	1.127228e-01	
1.953405e-01	2.055408e-01	2.031387e-01	2.000959e-01	1.980222e-01	1.964331e-01	1.949624e-01	1.932810e-01	1.910233e-01	1.877053e-01	1.851176e-01	
1.078167e-01	1.101442e-01	1.100474e-01	1.092240e-01	1.086615e-01	1.082243e-01	1.078085e-01	1.073204e-01	1.066564e-01	1.056787e-01	1.837662e-01	
1.005295e-01	9.815447e-02	9.831604e-02	9.931082e-02	9.999074e-02	1.004936e-01	1.009251e-01	1.013803e-01	1.019658e-01	1.028228e-01	1.814889e-01	
1.697772e-01	1.593991e-01	1.620075e-01	1.653514e-01	1.676309e-01	1.693353e-01	1.708334e-01	1.724572e-01	1.745771e-01	1.776855e-01	1.801373e-01	
9.317609e-02	1.580291e-01	9.098576e-02	9.196725e-02	9.264115e-02	9.314329e-02	9.357515e-02	9.402853e-02	9.460722e-02	9.544897e-02	9.554678e-02	
8.579513e-02	1.557206e-01	8.808472e-02	8.720975e-02	8.662919e-02	8.618984e-02	8.577514e-02	8.528151e-02	8.459735e-02	8.358291e-02	8.340923e-02	
1.438848e-01	1.543504e-01	1.518291e-01	1.486706e-01	1.465549e-01	1.449606e-01	1.434927e-01	1.417984e-01	1.394935e-01	1.360817e-01	1.334215e-01	
7.828320e-02	8.061376e-02	8.048157e-02	7.968367e-02	7.917822e-02	7.880553e-02	7.844369e-02	7.798323e-02	7.730272e-02	7.624160e-02	1.320371e-01	
7.067898e-02	6.804753e-02	6.820202e-02	6.940566e-02	7.030481e-02	7.100683e-02	7.159723e-02	7.215012e-02	7.273995e-02	7.345362e-02	1.297042e-01	
1.172095e-01	1.059487e-01	1.087748e-01	1.126469e-01	1.154529e-01	1.176244e-01	1.194930e-01	1.213495e-01	1.234959e-01	1.263008e-01	1.283197e-01	
6.374677e-02	1.044628e-01	6.014216e-02	6.177672e-02	6.297842e-02	6.390864e-02	6.470915e-02	6.550448e-02	6.642402e-02	6.761755e-02	6.728191e-02	
5.752448e-02	1.019586e-01	5.632297e-02	5.681456e-02	5.721562e-02	5.752657e-02	5.779418e-02	5.806006e-02	5.836746e-02	5.876370e-02	5.846597e-02	
9.536616e-02	1.004722e-01	9.536112e-02	9.525020e-02	9.525074e-02	9.525214e-02	9.525335e-02	9.525456e-02	9.525596e-02	9.525858e-02	9.529715e-02	
