6.863734e-01	6.865328e-01	6.866313e-01	6.866388e-01	6.866425e-01	6.866455e-01	6.866483e-01	6.866513e-01	6.866512e-01	6.863853e-01	6.767326e-01	
3.861504e-01	3.844679e-01	3.839893e-01	3.848250e-01	3.854557e-01	3.859731e-01	3.864590e-01	3.869901e-01	3.876504e-01	3.884077e-01	6.740885e-01	
3.748004e-01	3.683836e-01	3.679616e-01	3.704732e-01	3.723578e-01	3.739039e-01	3.753559e-01	3.769431e-01	3.789215e-01	3.815656e-01	6.696332e-01	
6.465453e-01	6.262029e-01	6.304616e-01	6.363556e-01	6.407515e-01	6.443580e-01	6.477445e-01	6.514467e-01	6.560628e-01	6.623641e-01	6.669888e-01	
3.619604e-01	6.236085e-01	3.572842e-01	3.589883e-01	3.603127e-01	3.614286e-01	3.624752e-01	3.635855e-01	3.649078e-01	3.666252e-01	3.667130e-01	
3.477201e-01	6.192362e-01	3.520396e-01	3.504136e-01	3.493668e-01	3.485960e-01	3.478683e-01	3.469714e-01	3.456665e-01	3.436407e-01	3.431947e-01	
5.966118e-01	6.166410e-01	6.120698e-01	6.063042e-01	6.023954e-01	5.993939e-01	5.965660e-01	5.932376e-01	5.886520e-01	5.818104e-01	5.764467e-01	
3.332941e-01	3.378454e-01	3.377115e-01	3.362459e-01	3.352523e-01	3.344689e-01	3.336879e-01	3.327158e-01	3.313345e-01	3.292533e-01	5.737535e-01	
3.187800e-01	3.139783e-01	3.143692e-01	3.165409e-01	3.180244e-01	3.191024e-01	3.199891e-01	3.208742e-01	3.219673e-01	3.235447e-01	5.692148e-01	
5.457163e-01	5.248204e-01	5.302612e-01	5.372675e-01	5.420347e-01	5.455524e-01	5.485654e-01	5.517415e-01	5.558219e-01	5.617897e-01	5.665209e-01	
3.039817e-01	5.220420e-01	2.997171e-01	3.018295e-01	3.032633e-01	3.043001e-01	3.051494e-01	3.059986e-01	3.070555e-01	3.085922e-01	3.087267e-01	
2.889993e-01	5.173599e-01	2.938382e-01	2.921677e-01	2.910250e-01	2.901182e-01	2.892250e-01	2.881451e-01	2.866553e-01	2.844662e-01	2.840775e-01	
4.931774e-01	5.145810e-01	5.096425e-01	5.034039e-01	4.991474e-01	4.958577e-01	4.927678e-01	4.891871e-01	4.843476e-01	4.772327e-01	4.716990e-01	
2.737760e-01	2.786594e-01	2.784933e-01	2.768486e-01	2.757217e-01	2.748304e-01	2.739582e-01	2.729102e-01	2.714693e-01	2.693460e-01	4.688494e-01	
2.584130e-01	2.533844e-01	2.537545e-01	2.559279e-01	2.574091e-01	2.584926e-01	2.594049e-01	2.603497e-01	2.615532e-01	2.633139e-01	4.640473e-01	
4.393022e-01	4.173491e-01	4.229348e-01	4.301038e-01	4.349824e-01	4.386096e-01	4.417699e-01	4.451692e-01	4.495917e-01	4.560759e-01	4.611972e-01	
2.428497e-01	4.144439e-01	2.382702e-01	2.403861e-01	2.418236e-01	2.428787e-01	2.437735e-01	2.447080e-01	2.459042e-01	2.476514e-01	2.478479e-01	
2.271876e-01	4.095484e-01	2.321212e-01	2.302783e-01	2.290201e-01	2.280435e-01	2.271190e-01	2.260400e-01	2.245769e-01	2.224311e-01	2.220804e-01	
3.843761e-01	4.066429e-01	4.013677e-01	3.946745e-01	3.901112e-01	3.866221e-01	3.834097e-01	3.797563e-01	3.748643e-01	3.676775e-01	3.620675e-01	
2.113673e-01	2.164524e-01	2.162271e-01	2.143884e-01	2.131307e-01	2.121590e-01	2.112469e-01	2.101907e-01	2.087639e-01	2.066650e-01	3.591222e-01	
1.954893e-01	1.903299e-01	1.906601e-01	1.927695e-01	1.942086e-01	1.952785e-01	1.962108e-01	1.972138e-01	1.985188e-01	2.004322e-01	3.541592e-01	
3.286913e-01	3.061426e-01	3.117508e-01	3.189224e-01	3.238054e-01	3.274676e-01	3.307157e-01	3.342752e-01	3.389524e-01	3.458152e-01	3.512137e-01	
1.794943e-01	3.031722e-01	1.746959e-01	1.767693e-01	1.781800e-01	1.792330e-01	1.801577e-01	1.811606e-01	1.824712e-01	1.843883e-01	1.846400e-01	
1.634812e-01	2.981670e-01	1.684108e-01	1.664395e-01	1.650966e-01	1.640739e-01	1.631390e-01	1.620824e-01	1.606719e-01	1.586052e-01	1.582952e-01	
2.725305e-01	2.951965e-01	2.897045e-01	2.827122e-01	2.779493e-01	2.743408e-01	2.710746e-01	2.674200e-01	2.625655e-01	2.554370e-01	2.498537e-01	
1.473884e-01	1.525678e-01	1.522920e-01	1.503114e-01	1.489600e-01	1.479354e-01	1.470052e-01	1.459605e-01	1.445694e-01	1.425251e-01	2.468724e-01	
1.313133e-01	1.261201e-01	1.264101e-01	1.284338e-01	1.298191e-01	1.308664e-01	1.318057e-01	1.328440e-01	1.342130e-01	1.362215e-01	2.418489e-01	
2.161499e-01	1.934354e-01	1.989766e-01	2.060476e-01	2.108719e-01	2.145214e-01	2.178039e-01	2.214465e-01	2.262608e-01	2.333249e-01	2.388676e-01	
1.151981e-01	1.904545e-01	1.102770e-01	1.122931e-01	1.136809e-01	1.147389e-01	1.156915e-01	1.167413e-01	1.181176e-01	1.201241e-01	1.204038e-01	
9.913828e-02	1.854319e-01	1.039630e-01	1.019367e-01	1.005922e-01	9.959975e-02	9.870929e-02	9.769896e-02	9.632980e-02	9.430222e-02	9.399471e-02	
1.598208e-01	1.824511e-01	1.768272e-01	1.697414e-01	1.649943e-01	1.614604e-01	1.582866e-01	1.547122e-01	1.499086e-01	1.428048e-01	1.372405e-01	
8.290886e-02	8.795957e-02	8.760931e-02	8.572059e-02	8.451695e-02	8.365137e-02	8.285899e-02	8.190260e-02	8.051992e-02	7.836581e-02	1.342714e-01	
6.660271e-02	6.101704e-02	6.128313e-02	6.368946e-02	6.549958e-02	6.693819e-02	6.818494e-02	6.939684e-02	7.073327e-02	7.238313e-02	1.292686e-01	
1.026272e-01	7.868915e-02	8.453540e-02	9.253413e-02	9.834569e-02	1.028845e-01	1.068548e-01	1.108770e-01	1.155998e-01	1.218188e-01	1.262996e-01	
5.180860e-02	7.554726e-02	4.407532e-02	4.744993e-02	4.993923e-02	5.188393e-02	5.358512e-02	5.530868e-02	5.733251e-02	5.998008e-02	5.932484e-02	
3.861461e-02	7.025299e-02	3.603646e-02	3.704791e-02	3.787878e-02	3.852894e-02	3.909773e-02	3.967403e-02	4.035075e-02	4.123009e-02	4.061261e-02	
5.631555e-02	6.711052e-02	5.630474e-02	5.607011e-02	5.607118e-02	5.607409e-02	5.607667e-02	5.607928e-02	5.608236e-02	5.608809e-02	5.616965e-02	
