4.226055e-01	4.226848e-01	4.227338e-01	4.227375e-01	4.227393e-01	4.227408e-01	4.227422e-01	4.227437e-01	4.227437e-01	4.226115e-01	4.178131e-01	
2.383818e-01	2.375459e-01	2.373093e-01	2.377269e-01	2.380417e-01	2.382994e-01	2.385407e-01	2.388037e-01	2.391303e-01	2.395046e-01	4.164988e-01	
2.327397e-01	2.295496e-01	2.293440e-01	2.305995e-01	2.315406e-01	2.323111e-01	2.330324e-01	2.338189e-01	2.347979e-01	2.361065e-01	4.142840e-01	
4.028005e-01	3.926793e-01	3.948096e-01	3.977574e-01	3.999538e-01	4.017518e-01	4.034352e-01	4.052707e-01	4.075566e-01	4.106772e-01	4.129695e-01	
2.263551e-01	3.913873e-01	2.240397e-01	2.248972e-01	2.255620e-01	2.261196e-01	2.266389e-01	2.271863e-01	2.278355e-01	2.286778e-01	2.287175e-01	
2.192640e-01	3.892098e-01	2.214304e-01	2.206335e-01	2.201207e-01	2.197406e-01	2.193770e-01	2.189238e-01	2.182620e-01	2.172353e-01	2.170058e-01	
3.779272e-01	3.879174e-01	3.856562e-01	3.828096e-01	3.808799e-01	3.793931e-01	3.779827e-01	3.763126e-01	3.740050e-01	3.705613e-01	3.678644e-01	
2.120715e-01	2.143398e-01	2.142812e-01	2.135719e-01	2.130910e-01	2.127081e-01	2.123196e-01	2.118294e-01	2.111288e-01	2.100731e-01	3.665182e-01	
2.048171e-01	2.024100e-01	2.026170e-01	2.037309e-01	2.044912e-01	2.050400e-01	2.054849e-01	2.059212e-01	2.064542e-01	2.072228e-01	3.642497e-01	
3.524809e-01	3.420052e-01	3.447635e-01	3.483205e-01	3.507396e-01	3.525170e-01	3.540261e-01	3.556019e-01	3.576161e-01	3.605618e-01	3.629032e-01	
1.974052e-01	3.406091e-01	1.952929e-01	1.963770e-01	1.971122e-01	1.976394e-01	1.980633e-01	1.984775e-01	1.989859e-01	1.997246e-01	1.997800e-01	
1.898768e-01	3.382564e-01	1.923416e-01	1.915290e-01	1.909727e-01	1.905251e-01	1.900737e-01	1.895173e-01	1.887429e-01	1.876044e-01	1.873936e-01	
3.260731e-01	3.368599e-01	3.344096e-01	3.313238e-01	3.292181e-01	3.275801e-01	3.260229e-01	3.241980e-01	3.217181e-01	3.180703e-01	3.152387e-01	
1.822051e-01	1.846636e-01	1.845956e-01	1.838068e-01	1.832659e-01	1.828310e-01	1.823933e-01	1.818549e-01	1.811067e-01	1.800031e-01	3.137970e-01	
1.744325e-01	1.718759e-01	1.720822e-01	1.732298e-01	1.740113e-01	1.745768e-01	1.750416e-01	1.755097e-01	1.760964e-01	1.769538e-01	3.113674e-01	
2.988092e-01	2.876512e-01	2.905393e-01	2.942552e-01	2.967824e-01	2.986491e-01	3.002538e-01	3.019554e-01	3.041524e-01	3.073729e-01	3.099255e-01	
1.665302e-01	2.861694e-01	1.642417e-01	1.653567e-01	1.661132e-01	1.666614e-01	1.671136e-01	1.675709e-01	1.681456e-01	1.689844e-01	1.690651e-01	
1.585417e-01	2.836724e-01	1.611077e-01	1.602070e-01	1.595913e-01	1.591048e-01	1.586293e-01	1.580585e-01	1.572742e-01	1.561230e-01	1.559218e-01	
2.707874e-01	2.821903e-01	2.795446e-01	2.762008e-01	2.739203e-01	2.721618e-01	2.705162e-01	2.686158e-01	2.660517e-01	2.622825e-01	2.593488e-01	
1.504383e-01	1.530394e-01	1.529462e-01	1.520603e-01	1.514538e-01	1.509759e-01	1.505111e-01	1.499557e-01	1.491940e-01	1.480721e-01	2.578326e-01	
1.422643e-01	1.395912e-01	1.397864e-01	1.409368e-01	1.417208e-01	1.422949e-01	1.427794e-01	1.432827e-01	1.439250e-01	1.448655e-01	2.552776e-01	
2.421152e-01	2.304394e-01	2.334077e-01	2.372162e-01	2.398076e-01	2.417347e-01	2.434149e-01	2.452238e-01	2.475788e-01	2.510328e-01	2.537612e-01	
1.339906e-01	2.288946e-01	1.315559e-01	1.326808e-01	1.334450e-01	1.340059e-01	1.344815e-01	1.349781e-01	1.356139e-01	1.365431e-01	1.366483e-01	
1.256623e-01	2.262913e-01	1.282888e-01	1.273127e-01	1.266467e-01	1.261292e-01	1.256378e-01	1.250626e-01	1.242812e-01	1.231350e-01	1.229460e-01	
2.129011e-01	2.247463e-01	2.219457e-01	2.183956e-01	2.159764e-01	2.141253e-01	2.124176e-01	2.104709e-01	2.078608e-01	2.040254e-01	2.010325e-01	
1.172483e-01	1.199517e-01	1.198349e-01	1.188677e-01	1.182071e-01	1.176956e-01	1.172122e-01	1.166483e-01	1.158833e-01	1.147573e-01	1.994647e-01	
1.087944e-01	1.060426e-01	1.062251e-01	1.073664e-01	1.081466e-01	1.087254e-01	1.092251e-01	1.097557e-01	1.104406e-01	1.114437e-01	1.968228e-01	
1.832465e-01	1.712205e-01	1.742303e-01	1.780864e-01	1.807154e-01	1.826844e-01	1.844207e-01	1.863090e-01	1.887787e-01	1.924004e-01	1.952549e-01	
1.002716e-01	1.696343e-01	9.772369e-02	9.885094e-02	9.962521e-02	1.002040e-01	1.007050e-01	1.012348e-01	1.019138e-01	1.029018e-01	1.030201e-01	
9.172588e-02	1.669615e-01	9.436453e-02	9.334188e-02	9.266333e-02	9.215177e-02	9.167254e-02	9.110598e-02	9.032318e-02	8.916272e-02	8.896720e-02	
1.532692e-01	1.653752e-01	1.624450e-01	1.587712e-01	1.563102e-01	1.544592e-01	1.527611e-01	1.508083e-01	1.481565e-01	1.442317e-01	1.411695e-01	
8.303739e-02	8.573420e-02	8.557616e-02	8.464010e-02	8.404655e-02	8.361065e-02	8.319127e-02	8.266174e-02	8.188164e-02	8.066541e-02	1.395700e-01	
7.425220e-02	7.121675e-02	7.138984e-02	7.276614e-02	7.379533e-02	7.460095e-02	7.528149e-02	7.592241e-02	7.660968e-02	7.744394e-02	1.368748e-01	
1.224523e-01	1.094600e-01	1.127071e-01	1.171554e-01	1.203802e-01	1.228793e-01	1.250351e-01	1.271834e-01	1.296730e-01	1.329303e-01	1.352753e-01	
6.624896e-02	1.077469e-01	6.208410e-02	6.396176e-02	6.534291e-02	6.641353e-02	6.733713e-02	6.825751e-02	6.932418e-02	7.071037e-02	7.032789e-02	
5.907258e-02	1.048602e-01	5.768426e-02	5.824869e-02	5.870965e-02	5.906756e-02	5.937633e-02	5.968403e-02	6.004064e-02	6.050088e-02	6.015861e-02	
9.726046e-02	1.031467e-01	9.725464e-02	9.712676e-02	9.712738e-02	9.712899e-02	9.713038e-02	9.713178e-02	9.713340e-02	9.713644e-02	9.718091e-02	
