4.710071e-01	4.710990e-01	4.711557e-01	4.711600e-01	4.711622e-01	4.711639e-01	4.711655e-01	4.711672e-01	4.711672e-01	4.710140e-01	4.654522e-01	
2.655671e-01	2.645982e-01	2.643237e-01	2.648075e-01	2.651721e-01	2.654708e-01	2.657505e-01	2.660555e-01	2.664343e-01	2.668685e-01	4.639287e-01	
2.590274e-01	2.553297e-01	2.550908e-01	2.565450e-01	2.576352e-01	2.585279e-01	2.593641e-01	2.602761e-01	2.614116e-01	2.629293e-01	4.613616e-01	
4.480519e-01	4.363218e-01	4.387890e-01	4.422031e-01	4.447472e-01	4.468305e-01	4.487818e-01	4.509100e-01	4.535610e-01	4.571799e-01	4.598379e-01	
2.516272e-01	4.348246e-01	2.489421e-01	2.499344e-01	2.507040e-01	2.513498e-01	2.519520e-01	2.525871e-01	2.533409e-01	2.543189e-01	2.543655e-01	
2.434098e-01	4.323013e-01	2.459180e-01	2.449925e-01	2.443969e-01	2.439559e-01	2.435347e-01	2.430106e-01	2.422454e-01	2.410584e-01	2.407936e-01	
4.192292e-01	4.308036e-01	4.281809e-01	4.248784e-01	4.226396e-01	4.209154e-01	4.192814e-01	4.173479e-01	4.146775e-01	4.106926e-01	4.075714e-01	
2.350762e-01	2.377046e-01	2.376353e-01	2.368102e-01	2.362507e-01	2.358059e-01	2.353557e-01	2.347885e-01	2.339787e-01	2.327582e-01	4.060122e-01	
2.266738e-01	2.238869e-01	2.241248e-01	2.254105e-01	2.262882e-01	2.269223e-01	2.274373e-01	2.279436e-01	2.285631e-01	2.294564e-01	4.033846e-01	
3.897571e-01	3.776286e-01	3.808172e-01	3.849284e-01	3.877246e-01	3.897802e-01	3.915277e-01	3.933547e-01	3.956916e-01	3.991094e-01	4.018250e-01	
2.180913e-01	3.760127e-01	2.156416e-01	2.168928e-01	2.177414e-01	2.183507e-01	2.188417e-01	2.193231e-01	2.199151e-01	2.207754e-01	2.208414e-01	
2.093778e-01	3.732896e-01	2.122252e-01	2.112805e-01	2.106337e-01	2.101143e-01	2.095923e-01	2.089505e-01	2.080584e-01	2.067468e-01	2.065054e-01	
3.591938e-01	3.716734e-01	3.688323e-01	3.652528e-01	3.628102e-01	3.609120e-01	3.591104e-01	3.570024e-01	3.541399e-01	3.499297e-01	3.466607e-01	
2.005020e-01	2.033468e-01	2.032656e-01	2.023464e-01	2.017163e-01	2.012108e-01	2.007042e-01	2.000828e-01	1.992208e-01	1.979494e-01	3.449937e-01	
1.915146e-01	1.885604e-01	1.887958e-01	1.901148e-01	1.910132e-01	1.916642e-01	1.922012e-01	1.927441e-01	1.934262e-01	1.944231e-01	3.421844e-01	
3.276698e-01	3.147764e-01	3.181055e-01	3.223872e-01	3.252996e-01	3.274528e-01	3.293074e-01	3.312780e-01	3.338251e-01	3.375590e-01	3.405170e-01	
1.823818e-01	3.130650e-01	1.797306e-01	1.810124e-01	1.818823e-01	1.825138e-01	1.830368e-01	1.835682e-01	1.842379e-01	1.852154e-01	1.853118e-01	
1.731555e-01	3.101811e-01	1.761106e-01	1.750637e-01	1.743481e-01	1.737842e-01	1.732357e-01	1.725799e-01	1.716806e-01	1.703607e-01	1.701322e-01	
2.953077e-01	3.084694e-01	3.054060e-01	3.015319e-01	2.988899e-01	2.968552e-01	2.949559e-01	2.927675e-01	2.898180e-01	2.854828e-01	2.821072e-01	
1.638022e-01	1.668052e-01	1.666937e-01	1.656615e-01	1.649548e-01	1.643997e-01	1.638629e-01	1.632243e-01	1.623505e-01	1.610637e-01	2.803585e-01	
1.543750e-01	1.512949e-01	1.515156e-01	1.528309e-01	1.537274e-01	1.543854e-01	1.549435e-01	1.555262e-01	1.562723e-01	1.573649e-01	2.774118e-01	
2.622404e-01	2.487867e-01	2.521953e-01	2.565666e-01	2.595414e-01	2.617564e-01	2.636928e-01	2.657833e-01	2.685090e-01	2.725070e-01	2.756628e-01	
1.448395e-01	2.470078e-01	1.420249e-01	1.433118e-01	1.441862e-01	1.448297e-01	1.453784e-01	1.459548e-01	1.466952e-01	1.477774e-01	1.479032e-01	
1.352496e-01	2.440101e-01	1.382624e-01	1.371293e-01	1.363563e-01	1.357578e-01	1.351929e-01	1.345352e-01	1.336443e-01	1.323378e-01	1.321254e-01	
2.286023e-01	2.422311e-01	2.389958e-01	2.348915e-01	2.320948e-01	2.299585e-01	2.279937e-01	2.257608e-01	2.227714e-01	2.183792e-01	2.149499e-01	
1.255691e-01	1.286803e-01	1.285407e-01	1.274149e-01	1.266461e-01	1.260530e-01	1.254963e-01	1.248508e-01	1.239778e-01	1.226932e-01	2.131478e-01	
1.158523e-01	1.126934e-01	1.128972e-01	1.141940e-01	1.150808e-01	1.157406e-01	1.163138e-01	1.169268e-01	1.177209e-01	1.188842e-01	2.101113e-01	
1.945189e-01	1.807124e-01	1.841527e-01	1.885576e-01	1.915612e-01	1.938145e-01	1.958083e-01	1.979841e-01	2.008351e-01	2.050163e-01	2.083091e-01	
1.060654e-01	1.788929e-01	1.031287e-01	1.044109e-01	1.052920e-01	1.059528e-01	1.065287e-01	1.071422e-01	1.079316e-01	1.090807e-01	1.092224e-01	
9.626286e-02	1.758270e-01	9.927512e-02	9.809074e-02	9.730487e-02	9.671469e-02	9.616604e-02	9.552202e-02	9.463510e-02	9.332058e-02	9.310287e-02	
1.601343e-01	1.740075e-01	1.706335e-01	1.663994e-01	1.635630e-01	1.614336e-01	1.594877e-01	1.572581e-01	1.542360e-01	1.497640e-01	1.462726e-01	
8.630706e-02	8.939869e-02	8.921151e-02	8.812332e-02	8.743265e-02	8.692745e-02	8.644589e-02	8.584273e-02	8.495709e-02	8.357656e-02	1.444419e-01	
7.625231e-02	7.278373e-02	7.297547e-02	7.453378e-02	7.570033e-02	7.661597e-02	7.739302e-02	7.812910e-02	7.892260e-02	7.988896e-02	1.413572e-01	
1.248653e-01	1.100160e-01	1.137113e-01	1.187726e-01	1.224434e-01	1.252922e-01	1.277561e-01	1.302188e-01	1.330799e-01	1.368279e-01	1.395265e-01	
6.709911e-02	1.080598e-01	6.233187e-02	6.446815e-02	6.604040e-02	6.726092e-02	6.831654e-02	6.937173e-02	7.059765e-02	7.219280e-02	7.176130e-02	
5.890016e-02	1.047633e-01	5.731096e-02	5.795281e-02	5.847758e-02	5.888561e-02	5.923853e-02	5.959132e-02	6.000119e-02	6.053086e-02	6.014115e-02	
9.608495e-02	1.028066e-01	9.607829e-02	9.593226e-02	9.593295e-02	9.593478e-02	9.593638e-02	9.593798e-02	9.593985e-02	9.594333e-02	9.599411e-02	
