9.189475e-01	9.194505e-01	9.197605e-01	9.197817e-01	9.197918e-01	9.198007e-01	9.198098e-01	9.198204e-01	9.198220e-01	9.189844e-01	8.884958e-01	
5.071328e-01	5.017279e-01	4.999843e-01	5.022010e-01	5.039347e-01	5.054664e-01	5.070466e-01	5.089089e-01	5.113033e-01	5.141006e-01	8.801441e-01	
4.713017e-01	4.510984e-01	4.490160e-01	4.556348e-01	4.607727e-01	4.653029e-01	4.699660e-01	4.754520e-01	4.825178e-01	4.919502e-01	8.660720e-01	
7.943278e-01	7.316301e-01	7.427487e-01	7.581532e-01	7.700144e-01	7.804481e-01	7.911576e-01	8.037310e-01	8.199177e-01	8.419407e-01	8.577203e-01	
4.311514e-01	7.238456e-01	4.147340e-01	4.182159e-01	4.211897e-01	4.241910e-01	4.276614e-01	4.320103e-01	4.376779e-01	4.451872e-01	4.461568e-01	
3.883393e-01	7.107297e-01	3.986152e-01	3.914842e-01	3.868393e-01	3.838578e-01	3.819033e-01	3.803771e-01	3.785892e-01	3.756244e-01	3.755169e-01	
6.454203e-01	7.029467e-01	6.866972e-01	6.652727e-01	6.506898e-01	6.403541e-01	6.322216e-01	6.243760e-01	6.146393e-01	6.001387e-01	5.882370e-01	
3.465401e-01	3.598593e-01	3.581382e-01	3.503297e-01	3.450129e-01	3.414513e-01	3.390333e-01	3.371682e-01	3.351721e-01	3.321569e-01	5.809487e-01	
3.072665e-01	2.953506e-01	2.946747e-01	2.961237e-01	2.971513e-01	2.984649e-01	3.005816e-01	3.039383e-01	3.089953e-01	3.163723e-01	5.686711e-01	
5.085821e-01	4.565614e-01	4.657051e-01	4.766004e-01	4.841060e-01	4.907405e-01	4.983884e-01	5.087089e-01	5.235064e-01	5.451440e-01	5.613868e-01	
2.697128e-01	4.501089e-01	2.554909e-01	2.570703e-01	2.582031e-01	2.596580e-01	2.620231e-01	2.658065e-01	2.715496e-01	2.799331e-01	2.819992e-01	
2.349183e-01	4.392413e-01	2.416729e-01	2.342203e-01	2.291845e-01	2.260178e-01	2.243154e-01	2.236930e-01	2.237028e-01	2.237401e-01	2.247923e-01	
3.870530e-01	4.327948e-01	4.174299e-01	3.968187e-01	3.827986e-01	3.733069e-01	3.667646e-01	3.617188e-01	3.565219e-01	3.489758e-01	3.423025e-01	
2.026394e-01	2.132794e-01	2.110256e-01	2.027197e-01	1.970630e-01	1.934503e-01	1.913971e-01	1.904491e-01	1.900833e-01	1.896253e-01	3.368776e-01	
1.734015e-01	1.651875e-01	1.639338e-01	1.628728e-01	1.621705e-01	1.623134e-01	1.636570e-01	1.665057e-01	1.711813e-01	1.781307e-01	3.277424e-01	
2.846119e-01	2.479601e-01	2.525054e-01	2.572809e-01	2.605789e-01	2.642206e-01	2.695674e-01	2.778196e-01	2.902851e-01	3.086792e-01	3.223243e-01	
1.470440e-01	2.436142e-01	1.358256e-01	1.355378e-01	1.353947e-01	1.359550e-01	1.376552e-01	1.408751e-01	1.460228e-01	1.536101e-01	1.558072e-01	
1.236279e-01	2.362970e-01	1.267390e-01	1.206994e-01	1.166544e-01	1.142516e-01	1.132435e-01	1.133979e-01	1.144442e-01	1.160110e-01	1.172689e-01	
2.022639e-01	2.319578e-01	2.205213e-01	2.050630e-01	1.946272e-01	1.878447e-01	1.836762e-01	1.811728e-01	1.792603e-01	1.764998e-01	1.735820e-01	
1.030862e-01	1.099720e-01	1.080099e-01	1.015547e-01	9.719196e-02	9.450639e-02	9.316901e-02	9.287652e-02	9.328299e-02	9.394879e-02	1.702486e-01	
8.513317e-02	8.040497e-02	7.928086e-02	7.762547e-02	7.651869e-02	7.623121e-02	7.695924e-02	7.887324e-02	8.215778e-02	8.708225e-02	1.646369e-01	
1.388605e-01	1.172946e-01	1.190885e-01	1.205529e-01	1.215724e-01	1.232358e-01	1.263557e-01	1.316529e-01	1.399227e-01	1.522196e-01	1.613095e-01	
6.977242e-02	1.148304e-01	6.270390e-02	6.194451e-02	6.146634e-02	6.159940e-02	6.260525e-02	6.471545e-02	6.818466e-02	7.333718e-02	7.496208e-02	
5.650878e-02	1.106825e-01	5.771027e-02	5.392336e-02	5.140755e-02	4.996132e-02	4.944985e-02	4.975130e-02	5.072783e-02	5.218936e-02	5.310113e-02	
9.179620e-02	1.082234e-01	1.013416e-01	9.204228e-02	8.581218e-02	8.186236e-02	7.960207e-02	7.850067e-02	7.796367e-02	7.719413e-02	7.607974e-02	
4.539491e-02	4.917505e-02	4.792070e-02	4.404918e-02	4.145227e-02	3.988505e-02	3.915732e-02	3.909864e-02	3.951882e-02	4.017926e-02	7.430432e-02	
3.584526e-02	3.342129e-02	3.275298e-02	3.164948e-02	3.091345e-02	3.067680e-02	3.103540e-02	3.207571e-02	3.389587e-02	3.664529e-02	7.131604e-02	
5.773225e-02	4.644361e-02	4.724495e-02	4.779100e-02	4.816769e-02	4.894855e-02	5.056092e-02	5.338851e-02	5.786282e-02	6.456504e-02	6.954451e-02	
2.794245e-02	4.516829e-02	2.425321e-02	2.381177e-02	2.353311e-02	2.358487e-02	2.410052e-02	2.520109e-02	2.702402e-02	2.974926e-02	3.064361e-02	
2.109125e-02	4.302170e-02	2.175999e-02	1.988767e-02	1.865839e-02	1.795529e-02	1.770092e-02	1.782846e-02	1.826602e-02	1.891752e-02	1.933279e-02	
3.315425e-02	4.174908e-02	3.828138e-02	3.367622e-02	3.062795e-02	2.869347e-02	2.754512e-02	2.689429e-02	2.642334e-02	2.571046e-02	2.490587e-02	
1.535312e-02	1.726782e-02	1.668487e-02	1.495134e-02	1.381243e-02	1.312946e-02	1.279781e-02	1.272558e-02	1.281101e-02	1.292361e-02	2.395091e-02	
1.015683e-02	8.650815e-03	8.475754e-03	8.417814e-03	8.412534e-03	8.526641e-03	8.811035e-03	9.310574e-03	1.007214e-02	1.115944e-02	2.234317e-02	
1.440744e-02	7.511136e-03	8.664541e-03	1.008425e-02	1.110689e-02	1.203962e-02	1.311388e-02	1.453306e-02	1.651415e-02	1.933248e-02	2.138978e-02	
6.018680e-03	6.662018e-03	3.680430e-03	4.231136e-03	4.637778e-03	5.011889e-03	5.447782e-03	6.028552e-03	6.843017e-03	7.999228e-03	8.082135e-03	
2.446773e-03	5.231596e-03	1.698190e-03	1.840303e-03	1.967687e-03	2.086046e-03	2.225315e-03	2.412193e-03	2.675267e-03	3.047728e-03	2.958345e-03	
1.466642e-03	4.382727e-03	1.463489e-03	1.399522e-03	1.399371e-03	1.399900e-03	1.400531e-03	1.401377e-03	1.402574e-03	1.404727e-03	1.427027e-03	
