2.279491e-01	2.279865e-01	2.280096e-01	2.280113e-01	2.280122e-01	2.280129e-01	2.280136e-01	2.280143e-01	2.280142e-01	2.279519e-01	2.256897e-01	
1.287587e-01	1.283647e-01	1.282534e-01	1.284508e-01	1.285995e-01	1.287211e-01	1.288348e-01	1.289586e-01	1.291122e-01	1.292882e-01	2.250700e-01	
1.260986e-01	1.245945e-01	1.244985e-01	1.250921e-01	1.255368e-01	1.259004e-01	1.262404e-01	1.266106e-01	1.270712e-01	1.276868e-01	2.240258e-01	
2.186102e-01	2.138363e-01	2.148438e-01	2.162377e-01	2.172758e-01	2.181247e-01	2.189184e-01	2.197827e-01	2.208583e-01	2.223269e-01	2.234061e-01	
1.230881e-01	2.132266e-01	1.219986e-01	1.224053e-01	1.227202e-01	1.229837e-01	1.232284e-01	1.234854e-01	1.237896e-01	1.241840e-01	1.242019e-01	
1.197420e-01	2.121991e-01	1.207679e-01	1.203948e-01	1.201548e-01	1.199763e-01	1.198045e-01	1.195891e-01	1.192740e-01	1.187854e-01	1.186754e-01	
2.068713e-01	2.115892e-01	2.105258e-01	2.091883e-01	2.082816e-01	2.075818e-01	2.069159e-01	2.061248e-01	2.050303e-01	2.033967e-01	2.021180e-01	
1.163461e-01	1.174169e-01	1.173911e-01	1.170612e-01	1.168375e-01	1.166585e-01	1.164753e-01	1.162426e-01	1.159090e-01	1.154063e-01	2.014816e-01	
1.129167e-01	1.117770e-01	1.118776e-01	1.124109e-01	1.127748e-01	1.130366e-01	1.132473e-01	1.134521e-01	1.137010e-01	1.140596e-01	2.004091e-01	
1.948398e-01	1.898800e-01	1.911933e-01	1.928880e-01	1.940402e-01	1.948850e-01	1.955992e-01	1.963414e-01	1.972875e-01	1.986713e-01	1.997726e-01	
1.094091e-01	1.892182e-01	1.084151e-01	1.089344e-01	1.092864e-01	1.095377e-01	1.097380e-01	1.099314e-01	1.101670e-01	1.105091e-01	1.105325e-01	
1.058405e-01	1.881029e-01	1.070169e-01	1.066382e-01	1.063788e-01	1.061686e-01	1.059540e-01	1.056869e-01	1.053137e-01	1.047647e-01	1.046610e-01	
1.823201e-01	1.874410e-01	1.862871e-01	1.848364e-01	1.838463e-01	1.830736e-01	1.823343e-01	1.814631e-01	1.802758e-01	1.785289e-01	1.771741e-01	
1.021987e-01	1.033652e-01	1.033368e-01	1.029721e-01	1.027219e-01	1.025190e-01	1.023117e-01	1.020536e-01	1.016930e-01	1.011609e-01	1.764883e-01	
9.850144e-02	9.728212e-02	9.738506e-02	9.794290e-02	9.832262e-02	9.859586e-02	9.881778e-02	9.903797e-02	9.931158e-02	9.971116e-02	1.753326e-01	
1.693490e-01	1.640283e-01	1.654179e-01	1.672079e-01	1.684250e-01	1.693208e-01	1.700856e-01	1.708904e-01	1.719253e-01	1.734421e-01	1.746467e-01	
9.473543e-02	1.633204e-01	9.365407e-02	9.419571e-02	9.456299e-02	9.482738e-02	9.504234e-02	9.525593e-02	9.552158e-02	9.590907e-02	9.594270e-02	
9.091904e-02	1.621274e-01	9.215764e-02	9.173747e-02	9.145001e-02	9.122057e-02	9.099240e-02	9.071447e-02	9.033006e-02	8.976549e-02	8.966356e-02	
1.559599e-01	1.614194e-01	1.601672e-01	1.585880e-01	1.575108e-01	1.566763e-01	1.558883e-01	1.549708e-01	1.537279e-01	1.519000e-01	1.504795e-01	
8.703902e-02	8.828356e-02	8.824473e-02	8.783526e-02	8.755472e-02	8.733110e-02	8.710924e-02	8.683950e-02	8.646672e-02	8.591721e-02	1.497515e-01	
8.311425e-02	8.182610e-02	8.192670e-02	8.249634e-02	8.288434e-02	8.316620e-02	8.340005e-02	8.363817e-02	8.393870e-02	8.437830e-02	1.485246e-01	
1.421905e-01	1.365658e-01	1.380134e-01	1.398739e-01	1.411393e-01	1.420759e-01	1.428848e-01	1.437469e-01	1.448633e-01	1.465003e-01	1.477965e-01	
7.913111e-02	1.358197e-01	7.797201e-02	7.852793e-02	7.890525e-02	7.917969e-02	7.940792e-02	7.964094e-02	7.993550e-02	8.036563e-02	8.040947e-02	
7.510898e-02	1.345625e-01	7.639494e-02	7.593732e-02	7.562480e-02	7.537893e-02	7.514023e-02	7.485522e-02	7.446452e-02	7.389102e-02	7.379187e-02	
1.280796e-01	1.338163e-01	1.324796e-01	1.307898e-01	1.296379e-01	1.287514e-01	1.279241e-01	1.269710e-01	1.256862e-01	1.237974e-01	1.223264e-01	
7.103331e-02	7.234156e-02	7.229278e-02	7.184387e-02	7.153706e-02	7.129622e-02	7.106294e-02	7.078474e-02	7.040341e-02	6.984155e-02	1.215643e-01	
6.692389e-02	6.558017e-02	6.567774e-02	6.625512e-02	6.664953e-02	6.693906e-02	6.718356e-02	6.743698e-02	6.775963e-02	6.823161e-02	1.202801e-01	
1.136624e-01	1.077925e-01	1.092843e-01	1.111998e-01	1.125052e-01	1.134770e-01	1.143239e-01	1.152336e-01	1.164156e-01	1.181483e-01	1.195179e-01	
6.276714e-02	1.070159e-01	6.154094e-02	6.210906e-02	6.249877e-02	6.278678e-02	6.303029e-02	6.328103e-02	6.359750e-02	6.405739e-02	6.410627e-02	
5.858317e-02	1.057072e-01	5.989683e-02	5.941323e-02	5.909234e-02	5.884699e-02	5.861074e-02	5.832453e-02	5.792467e-02	5.733150e-02	5.722588e-02	
9.898351e-02	1.049305e-01	1.035153e-01	1.017467e-01	1.005620e-01	9.966501e-02	9.883085e-02	9.785902e-02	9.653093e-02	9.456415e-02	9.303319e-02	
5.431348e-02	5.563655e-02	5.556806e-02	5.513155e-02	5.485576e-02	5.465016e-02	5.444561e-02	5.417995e-02	5.378415e-02	5.316674e-02	9.224395e-02	
4.997841e-02	4.847222e-02	4.856723e-02	4.927181e-02	4.979679e-02	5.020398e-02	5.054256e-02	5.085499e-02	5.118371e-02	5.157799e-02	9.091402e-02	
8.377477e-02	7.733272e-02	7.896675e-02	8.120674e-02	8.282822e-02	8.407862e-02	8.514776e-02	8.620170e-02	8.741255e-02	8.898987e-02	9.012472e-02	
4.601924e-02	7.648078e-02	4.396486e-02	4.491056e-02	4.560489e-02	4.614045e-02	4.659839e-02	4.704983e-02	4.756848e-02	4.823948e-02	4.804133e-02	
4.245618e-02	7.504512e-02	4.177149e-02	4.205626e-02	4.228796e-02	4.246697e-02	4.262003e-02	4.277093e-02	4.294430e-02	4.316701e-02	4.299508e-02	
7.126546e-02	7.419292e-02	7.126259e-02	7.119901e-02	7.119933e-02	7.120013e-02	7.120083e-02	7.120151e-02	7.120230e-02	7.120378e-02	7.122589e-02	
