4.424787e-01	4.425630e-01	4.426151e-01	4.426191e-01	4.426210e-01	4.426226e-01	4.426241e-01	4.426257e-01	4.426256e-01	4.424850e-01	4.373797e-01	
2.495474e-01	2.486580e-01	2.484061e-01	2.488504e-01	2.491852e-01	2.494594e-01	2.497161e-01	2.499960e-01	2.503436e-01	2.507420e-01	4.359813e-01	
2.435444e-01	2.401503e-01	2.399312e-01	2.412667e-01	2.422678e-01	2.430874e-01	2.438548e-01	2.446918e-01	2.457337e-01	2.471263e-01	4.336249e-01	
4.214072e-01	4.106392e-01	4.129050e-01	4.160403e-01	4.183766e-01	4.202893e-01	4.220803e-01	4.240335e-01	4.264661e-01	4.297870e-01	4.322263e-01	
2.367515e-01	4.092647e-01	2.342875e-01	2.351993e-01	2.359062e-01	2.364993e-01	2.370519e-01	2.376346e-01	2.383258e-01	2.392226e-01	2.392651e-01	
2.292076e-01	4.069482e-01	2.315115e-01	2.306629e-01	2.301168e-01	2.297123e-01	2.293255e-01	2.288438e-01	2.281404e-01	2.270492e-01	2.268055e-01	
3.949461e-01	4.055732e-01	4.031668e-01	4.001369e-01	3.980830e-01	3.965008e-01	3.950005e-01	3.932245e-01	3.907709e-01	3.871095e-01	3.842419e-01	
2.215563e-01	2.239694e-01	2.239065e-01	2.231507e-01	2.226383e-01	2.222305e-01	2.218172e-01	2.212961e-01	2.205515e-01	2.194295e-01	3.828101e-01	
2.138403e-01	2.112804e-01	2.114999e-01	2.126829e-01	2.134905e-01	2.140737e-01	2.145468e-01	2.150112e-01	2.155789e-01	2.163976e-01	3.803972e-01	
3.678808e-01	3.567404e-01	3.596719e-01	3.634520e-01	3.660228e-01	3.679121e-01	3.695171e-01	3.711939e-01	3.733378e-01	3.764732e-01	3.789650e-01	
2.059576e-01	3.552559e-01	2.037097e-01	2.048611e-01	2.056420e-01	2.062022e-01	2.066531e-01	2.070943e-01	2.076362e-01	2.084237e-01	2.084833e-01	
1.979524e-01	3.527542e-01	2.005713e-01	1.997057e-01	1.991130e-01	1.986366e-01	1.981568e-01	1.975659e-01	1.967441e-01	1.955359e-01	1.953127e-01	
3.398015e-01	3.512694e-01	3.486619e-01	3.453777e-01	3.431366e-01	3.413941e-01	3.397385e-01	3.377996e-01	3.351657e-01	3.312914e-01	3.282836e-01	
1.897963e-01	1.924103e-01	1.923370e-01	1.914959e-01	1.909192e-01	1.904560e-01	1.899906e-01	1.894187e-01	1.886246e-01	1.874534e-01	3.267513e-01	
1.815349e-01	1.788182e-01	1.790363e-01	1.802531e-01	1.810818e-01	1.816817e-01	1.821756e-01	1.826737e-01	1.832988e-01	1.842122e-01	3.241689e-01	
3.108232e-01	2.989667e-01	3.020325e-01	3.059764e-01	3.086589e-01	3.106410e-01	3.123463e-01	3.141560e-01	3.164938e-01	3.199206e-01	3.226362e-01	
1.731374e-01	2.973925e-01	1.707030e-01	1.718853e-01	1.726876e-01	1.732693e-01	1.737500e-01	1.742371e-01	1.748499e-01	1.757443e-01	1.758312e-01	
1.646505e-01	2.947397e-01	1.673734e-01	1.664140e-01	1.657581e-01	1.652405e-01	1.647356e-01	1.641305e-01	1.632998e-01	1.620804e-01	1.618682e-01	
2.810540e-01	2.931652e-01	2.903515e-01	2.867945e-01	2.843686e-01	2.824990e-01	2.807512e-01	2.787347e-01	2.760152e-01	2.720177e-01	2.689058e-01	
1.560437e-01	1.588067e-01	1.587062e-01	1.577616e-01	1.571149e-01	1.566060e-01	1.561122e-01	1.555232e-01	1.547163e-01	1.535278e-01	2.672960e-01	
1.473649e-01	1.445278e-01	1.447333e-01	1.459504e-01	1.467800e-01	1.473879e-01	1.479021e-01	1.484373e-01	1.491214e-01	1.501229e-01	2.645831e-01	
2.506112e-01	2.382189e-01	2.413649e-01	2.454006e-01	2.481468e-01	2.501901e-01	2.519736e-01	2.538958e-01	2.563999e-01	2.600727e-01	2.629731e-01	
1.385827e-01	2.365797e-01	1.359951e-01	1.371855e-01	1.379943e-01	1.385885e-01	1.390936e-01	1.396223e-01	1.403001e-01	1.412906e-01	1.414040e-01	
1.297458e-01	2.338175e-01	1.325283e-01	1.314891e-01	1.307802e-01	1.302301e-01	1.297090e-01	1.291004e-01	1.282747e-01	1.270636e-01	1.268650e-01	
2.196136e-01	2.321781e-01	2.292025e-01	2.254294e-01	2.228583e-01	2.208923e-01	2.190809e-01	2.170186e-01	2.142552e-01	2.101948e-01	2.070256e-01	
1.208211e-01	1.236890e-01	1.235631e-01	1.225322e-01	1.218282e-01	1.212838e-01	1.207709e-01	1.201740e-01	1.193653e-01	1.181751e-01	2.053633e-01	
1.118577e-01	1.089416e-01	1.091327e-01	1.103371e-01	1.111606e-01	1.117722e-01	1.123016e-01	1.128654e-01	1.135942e-01	1.146617e-01	2.025622e-01	
1.881722e-01	1.754274e-01	1.786114e-01	1.826896e-01	1.854701e-01	1.875541e-01	1.893943e-01	1.913985e-01	1.940217e-01	1.978687e-01	2.008997e-01	
1.028247e-01	1.737470e-01	1.001200e-01	1.013102e-01	1.021277e-01	1.027397e-01	1.032709e-01	1.038344e-01	1.045577e-01	1.056104e-01	1.057380e-01	
9.377138e-02	1.709155e-01	9.656124e-02	9.547356e-02	9.475185e-02	9.420862e-02	9.370133e-02	9.310334e-02	9.227824e-02	9.105516e-02	9.085052e-02	
1.564150e-01	1.692350e-01	1.661259e-01	1.622263e-01	1.596140e-01	1.576507e-01	1.558525e-01	1.537877e-01	1.509859e-01	1.468394e-01	1.436034e-01	
8.457085e-02	8.742714e-02	8.725748e-02	8.626033e-02	8.562780e-02	8.516404e-02	8.471956e-02	8.416019e-02	8.333725e-02	8.205432e-02	1.419104e-01	
7.527243e-02	7.206174e-02	7.224253e-02	7.369283e-02	7.477782e-02	7.562808e-02	7.634768e-02	7.702700e-02	7.775705e-02	7.864443e-02	1.390578e-01	
1.237983e-01	1.100548e-01	1.134836e-01	1.181804e-01	1.215860e-01	1.242268e-01	1.265072e-01	1.287825e-01	1.314220e-01	1.348772e-01	1.373648e-01	
6.680415e-02	1.082433e-01	6.239578e-02	6.437830e-02	6.583691e-02	6.696825e-02	6.794526e-02	6.892009e-02	7.005101e-02	7.152146e-02	7.111901e-02	
5.921403e-02	1.051908e-01	5.774450e-02	5.834033e-02	5.882716e-02	5.920537e-02	5.953200e-02	5.985791e-02	6.023601e-02	6.072424e-02	6.036275e-02	
9.715450e-02	1.033788e-01	9.714835e-02	9.701312e-02	9.701377e-02	9.701546e-02	9.701694e-02	9.701842e-02	9.702014e-02	9.702336e-02	9.707038e-02	
