2.161895e-01	2.162247e-01	2.162465e-01	2.162482e-01	2.162490e-01	2.162496e-01	2.162503e-01	2.162509e-01	2.162509e-01	2.161921e-01	2.140590e-01	
1.221229e-01	1.217515e-01	1.216466e-01	1.218327e-01	1.219729e-01	1.220876e-01	1.221948e-01	1.223115e-01	1.224564e-01	1.226223e-01	2.134747e-01	
1.196147e-01	1.181965e-01	1.181060e-01	1.186658e-01	1.190851e-01	1.194280e-01	1.197486e-01	1.200977e-01	1.205319e-01	1.211123e-01	2.124901e-01	
2.073835e-01	2.028820e-01	2.038321e-01	2.051467e-01	2.061257e-01	2.069262e-01	2.076745e-01	2.084894e-01	2.095036e-01	2.108882e-01	2.119057e-01	
1.167760e-01	2.023071e-01	1.157488e-01	1.161323e-01	1.164294e-01	1.166778e-01	1.169085e-01	1.171509e-01	1.174376e-01	1.178094e-01	1.178262e-01	
1.136208e-01	2.013382e-01	1.145883e-01	1.142366e-01	1.140104e-01	1.138421e-01	1.136800e-01	1.134769e-01	1.131797e-01	1.127187e-01	1.126149e-01	
1.963141e-01	2.007631e-01	1.997605e-01	1.984995e-01	1.976447e-01	1.969849e-01	1.963569e-01	1.956108e-01	1.945785e-01	1.930377e-01	1.918317e-01	
1.104185e-01	1.114282e-01	1.114040e-01	1.110931e-01	1.108823e-01	1.107136e-01	1.105408e-01	1.103213e-01	1.100067e-01	1.095324e-01	1.912316e-01	
1.071844e-01	1.061096e-01	1.062046e-01	1.067077e-01	1.070511e-01	1.072981e-01	1.074968e-01	1.076899e-01	1.079244e-01	1.082625e-01	1.902202e-01	
1.849678e-01	1.802902e-01	1.815291e-01	1.831278e-01	1.842148e-01	1.850117e-01	1.856852e-01	1.863850e-01	1.872770e-01	1.885816e-01	1.896199e-01	
1.038765e-01	1.796661e-01	1.029393e-01	1.034293e-01	1.037614e-01	1.039985e-01	1.041873e-01	1.043696e-01	1.045916e-01	1.049140e-01	1.049359e-01	
1.005107e-01	1.786142e-01	1.016206e-01	1.012637e-01	1.010192e-01	1.008210e-01	1.006186e-01	1.003666e-01	1.000143e-01	9.949615e-02	9.939820e-02	
1.731598e-01	1.779899e-01	1.769019e-01	1.755341e-01	1.746007e-01	1.738721e-01	1.731748e-01	1.723528e-01	1.712325e-01	1.695842e-01	1.683059e-01	
9.707572e-02	9.817597e-02	9.814928e-02	9.780574e-02	9.757007e-02	9.737879e-02	9.718327e-02	9.693970e-02	9.659939e-02	9.609712e-02	1.676590e-01	
9.358809e-02	9.243777e-02	9.253508e-02	9.306179e-02	9.342031e-02	9.367823e-02	9.388760e-02	9.409521e-02	9.435308e-02	9.472965e-02	1.665688e-01	
1.609240e-01	1.559045e-01	1.572159e-01	1.589054e-01	1.600541e-01	1.608995e-01	1.616210e-01	1.623799e-01	1.633557e-01	1.647859e-01	1.659218e-01	
9.003532e-02	1.552366e-01	8.901557e-02	8.952697e-02	8.987373e-02	9.012329e-02	9.032606e-02	9.052737e-02	9.077763e-02	9.114267e-02	9.117419e-02	
8.643463e-02	1.541110e-01	8.760376e-02	8.720775e-02	8.693682e-02	8.672047e-02	8.650515e-02	8.624272e-02	8.587963e-02	8.534636e-02	8.524995e-02	
1.482916e-01	1.534430e-01	1.522621e-01	1.507729e-01	1.497572e-01	1.489700e-01	1.482265e-01	1.473604e-01	1.461870e-01	1.444614e-01	1.431203e-01	
8.277354e-02	8.394782e-02	8.391142e-02	8.352567e-02	8.326137e-02	8.305059e-02	8.284127e-02	8.258659e-02	8.223452e-02	8.171550e-02	1.424333e-01	
7.906977e-02	7.785398e-02	7.794919e-02	7.848747e-02	7.885410e-02	7.912035e-02	7.934108e-02	7.956564e-02	7.984893e-02	8.026328e-02	1.412755e-01	
1.352975e-01	1.299888e-01	1.313557e-01	1.331128e-01	1.343078e-01	1.351922e-01	1.359556e-01	1.367689e-01	1.378218e-01	1.393657e-01	1.405884e-01	
7.531050e-02	1.292845e-01	7.421708e-02	7.474234e-02	7.509886e-02	7.535805e-02	7.557342e-02	7.579310e-02	7.607062e-02	7.647587e-02	7.651697e-02	
7.151388e-02	1.280977e-01	7.272847e-02	7.229707e-02	7.200245e-02	7.177054e-02	7.154516e-02	7.127583e-02	7.090649e-02	7.036433e-02	7.027041e-02	
1.219777e-01	1.273934e-01	1.261323e-01	1.245382e-01	1.234517e-01	1.226151e-01	1.218342e-01	1.209339e-01	1.197201e-01	1.179357e-01	1.165462e-01	
6.766624e-02	6.890124e-02	6.885551e-02	6.843253e-02	6.814342e-02	6.791634e-02	6.769616e-02	6.743331e-02	6.707287e-02	6.654177e-02	1.158266e-01	
6.378614e-02	6.251716e-02	6.260964e-02	6.315573e-02	6.352875e-02	6.380245e-02	6.403338e-02	6.427247e-02	6.457669e-02	6.502170e-02	1.146141e-01	
1.083649e-01	1.028216e-01	1.042313e-01	1.060416e-01	1.072752e-01	1.081935e-01	1.089933e-01	1.098519e-01	1.109671e-01	1.126020e-01	1.138944e-01	
5.986078e-02	1.020881e-01	5.870351e-02	5.924076e-02	5.960927e-02	5.988148e-02	6.011140e-02	6.034787e-02	6.064612e-02	6.107952e-02	6.112531e-02	
5.590907e-02	1.008521e-01	5.715069e-02	5.669463e-02	5.639201e-02	5.616049e-02	5.593729e-02	5.566660e-02	5.528827e-02	5.472701e-02	5.462685e-02	
9.450078e-02	1.001185e-01	9.878258e-02	9.711340e-02	9.599534e-02	9.514848e-02	9.436051e-02	9.344199e-02	9.218641e-02	9.032697e-02	8.887969e-02	
5.187575e-02	5.312548e-02	5.306115e-02	5.264976e-02	5.238989e-02	5.219601e-02	5.200285e-02	5.175168e-02	5.137729e-02	5.079326e-02	8.813402e-02	
4.777994e-02	4.635655e-02	4.644670e-02	4.711342e-02	4.761011e-02	4.799522e-02	4.831523e-02	4.861025e-02	4.892041e-02	4.929223e-02	8.687749e-02	
8.013138e-02	7.404363e-02	7.558875e-02	7.770693e-02	7.924013e-02	8.042221e-02	8.143256e-02	8.242809e-02	8.357139e-02	8.506044e-02	8.613175e-02	
4.403889e-02	7.323845e-02	4.209793e-02	4.299221e-02	4.364873e-02	4.415502e-02	4.458777e-02	4.501419e-02	4.550391e-02	4.613735e-02	4.594975e-02	
4.067160e-02	7.188157e-02	4.002472e-02	4.029402e-02	4.051311e-02	4.068233e-02	4.082698e-02	4.096951e-02	4.113320e-02	4.134344e-02	4.118088e-02	
6.830933e-02	7.107613e-02	6.830662e-02	6.824653e-02	6.824683e-02	6.824759e-02	6.824824e-02	6.824889e-02	6.824964e-02	6.825104e-02	6.827193e-02	
