3.072328e-01	3.072857e-01	3.073183e-01	3.073208e-01	3.073220e-01	3.073230e-01	3.073239e-01	3.073249e-01	3.073249e-01	3.072368e-01	3.040395e-01	
1.734617e-01	1.729049e-01	1.727474e-01	1.730262e-01	1.732362e-01	1.734080e-01	1.735687e-01	1.737438e-01	1.739611e-01	1.742101e-01	3.031637e-01	
1.697023e-01	1.675765e-01	1.674403e-01	1.682784e-01	1.689064e-01	1.694201e-01	1.699007e-01	1.704242e-01	1.710757e-01	1.719464e-01	3.016880e-01	
2.940347e-01	2.872888e-01	2.887111e-01	2.906790e-01	2.921449e-01	2.933440e-01	2.944657e-01	2.956878e-01	2.972091e-01	2.992860e-01	3.008121e-01	
1.654476e-01	2.864274e-01	1.639067e-01	1.644802e-01	1.649246e-01	1.652966e-01	1.656425e-01	1.660063e-01	1.664372e-01	1.669961e-01	1.670217e-01	
1.607200e-01	2.849757e-01	1.621676e-01	1.616390e-01	1.612988e-01	1.610462e-01	1.608035e-01	1.605001e-01	1.600563e-01	1.593681e-01	1.592135e-01	
2.774501e-01	2.841140e-01	2.826097e-01	2.807170e-01	2.794340e-01	2.784443e-01	2.775037e-01	2.763875e-01	2.748440e-01	2.725404e-01	2.707368e-01	
1.559230e-01	1.574357e-01	1.573983e-01	1.569297e-01	1.566120e-01	1.563582e-01	1.560994e-01	1.557713e-01	1.553015e-01	1.545936e-01	2.698383e-01	
1.510809e-01	1.494727e-01	1.496133e-01	1.503628e-01	1.508743e-01	1.512427e-01	1.515400e-01	1.518300e-01	1.521829e-01	1.526917e-01	2.683241e-01	
2.604635e-01	2.534645e-01	2.553140e-01	2.577000e-01	2.593225e-01	2.605129e-01	2.615209e-01	2.625702e-01	2.639092e-01	2.658675e-01	2.674253e-01	
1.461303e-01	2.525310e-01	1.447246e-01	1.454543e-01	1.459490e-01	1.463028e-01	1.465856e-01	1.468598e-01	1.471949e-01	1.476817e-01	1.477161e-01	
1.410967e-01	2.509579e-01	1.427519e-01	1.422145e-01	1.418463e-01	1.415488e-01	1.412464e-01	1.408714e-01	1.403481e-01	1.395785e-01	1.394342e-01	
2.428049e-01	2.500242e-01	2.483927e-01	2.463402e-01	2.449395e-01	2.438477e-01	2.428055e-01	2.415797e-01	2.399110e-01	2.374560e-01	2.355515e-01	
1.359624e-01	1.376073e-01	1.375652e-01	1.370461e-01	1.366901e-01	1.364022e-01	1.361096e-01	1.357470e-01	1.352415e-01	1.344955e-01	2.345854e-01	
1.307539e-01	1.290378e-01	1.291804e-01	1.299601e-01	1.304910e-01	1.308737e-01	1.311860e-01	1.314974e-01	1.318857e-01	1.324528e-01	2.329573e-01	
2.245328e-01	2.170439e-01	2.189935e-01	2.215038e-01	2.232107e-01	2.244687e-01	2.255454e-01	2.266815e-01	2.281446e-01	2.302891e-01	2.319910e-01	
1.254521e-01	2.160482e-01	1.239250e-01	1.246823e-01	1.251959e-01	1.255665e-01	1.258695e-01	1.261724e-01	1.265505e-01	1.271023e-01	1.271521e-01	
1.200841e-01	2.143703e-01	1.218198e-01	1.212237e-01	1.208159e-01	1.204917e-01	1.201713e-01	1.197830e-01	1.192473e-01	1.184606e-01	1.183202e-01	
2.057013e-01	2.133744e-01	2.116071e-01	2.093766e-01	2.078553e-01	2.066786e-01	2.055712e-01	2.042856e-01	2.025464e-01	1.999893e-01	1.980008e-01	
1.146310e-01	1.163806e-01	1.163231e-01	1.157402e-01	1.153409e-01	1.150240e-01	1.147118e-01	1.143346e-01	1.138148e-01	1.130488e-01	1.969787e-01	
1.091206e-01	1.073144e-01	1.074522e-01	1.082432e-01	1.087821e-01	1.091747e-01	1.095025e-01	1.098386e-01	1.102645e-01	1.108877e-01	1.952562e-01	
1.863703e-01	1.784825e-01	1.805036e-01	1.830996e-01	1.848656e-01	1.861749e-01	1.873096e-01	1.885232e-01	1.900978e-01	1.924070e-01	1.942339e-01	
1.035336e-01	1.774372e-01	1.019012e-01	1.026737e-01	1.031982e-01	1.035810e-01	1.039015e-01	1.042314e-01	1.046504e-01	1.052624e-01	1.053273e-01	
9.789826e-02	1.756757e-01	9.969122e-02	9.904313e-02	9.860068e-02	9.825416e-02	9.792041e-02	9.752470e-02	9.698400e-02	9.619052e-02	9.605555e-02	
1.666007e-01	1.746302e-01	1.727495e-01	1.703695e-01	1.687473e-01	1.675015e-01	1.663437e-01	1.650148e-01	1.632269e-01	1.605988e-01	1.585508e-01	
9.219404e-02	9.402567e-02	9.395349e-02	9.331539e-02	9.287937e-02	9.253882e-02	9.221190e-02	9.182506e-02	9.129676e-02	9.051862e-02	1.574855e-01	
8.644980e-02	8.457455e-02	8.470649e-02	8.550229e-02	8.604605e-02	8.644668e-02	8.678764e-02	8.714414e-02	8.760028e-02	8.826782e-02	1.556903e-01	
1.464491e-01	1.382561e-01	1.403270e-01	1.429840e-01	1.447950e-01	1.461461e-01	1.473285e-01	1.486042e-01	1.502656e-01	1.527015e-01	1.546249e-01	
8.064630e-02	1.371733e-01	7.892613e-02	7.971019e-02	8.024828e-02	8.064754e-02	8.098793e-02	8.134182e-02	8.179096e-02	8.244398e-02	8.251662e-02	
7.481278e-02	1.353487e-01	7.663356e-02	7.595082e-02	7.549781e-02	7.515320e-02	7.482461e-02	7.442993e-02	7.388066e-02	7.306602e-02	7.292366e-02	
1.259840e-01	1.342658e-01	1.322830e-01	1.298022e-01	1.281405e-01	1.268852e-01	1.257235e-01	1.243764e-01	1.225394e-01	1.198196e-01	1.177008e-01	
6.886759e-02	7.071094e-02	7.061104e-02	6.999163e-02	6.959977e-02	6.930924e-02	6.902366e-02	6.865644e-02	6.811147e-02	6.726151e-02	1.166035e-01	
6.284018e-02	6.075010e-02	6.087748e-02	6.184461e-02	6.256610e-02	6.312751e-02	6.359690e-02	6.403318e-02	6.449535e-02	6.505210e-02	1.147543e-01	
1.048391e-01	9.589739e-02	9.815371e-02	1.012460e-01	1.034857e-01	1.052157e-01	1.066996e-01	1.081680e-01	1.098602e-01	1.120681e-01	1.136569e-01	
5.734031e-02	9.471613e-02	5.448356e-02	5.578902e-02	5.674810e-02	5.748917e-02	5.812480e-02	5.875382e-02	5.947873e-02	6.041808e-02	6.014720e-02	
5.239705e-02	9.272552e-02	5.144488e-02	5.183774e-02	5.215781e-02	5.240552e-02	5.261800e-02	5.282826e-02	5.307059e-02	5.338240e-02	5.314485e-02	
8.748488e-02	9.154391e-02	8.748089e-02	8.739272e-02	8.739316e-02	8.739427e-02	8.739523e-02	8.739618e-02	8.739729e-02	8.739936e-02	8.743002e-02	
