5.545594e-01	5.546751e-01	5.547466e-01	5.547520e-01	5.547547e-01	5.547569e-01	5.547589e-01	5.547611e-01	5.547610e-01	5.545681e-01	5.475643e-01	
3.124276e-01	3.112073e-01	3.108612e-01	3.114697e-01	3.119285e-01	3.123044e-01	3.126567e-01	3.130412e-01	3.135187e-01	3.140662e-01	5.456457e-01	
3.041922e-01	2.995360e-01	2.992337e-01	3.010628e-01	3.024343e-01	3.035579e-01	3.046110e-01	3.057603e-01	3.071916e-01	3.091046e-01	5.424130e-01	
5.256546e-01	5.108861e-01	5.139887e-01	5.182822e-01	5.214824e-01	5.241042e-01	5.265614e-01	5.292430e-01	5.325841e-01	5.371450e-01	5.404943e-01	
2.948740e-01	5.090014e-01	2.914897e-01	2.927360e-01	2.937031e-01	2.945154e-01	2.952740e-01	2.960753e-01	2.970271e-01	2.982623e-01	2.983223e-01	
2.845299e-01	5.058252e-01	2.876822e-01	2.865131e-01	2.857607e-01	2.852044e-01	2.846746e-01	2.840169e-01	2.830576e-01	2.815691e-01	2.812382e-01	
4.893754e-01	5.039399e-01	5.006336e-01	4.964685e-01	4.936449e-01	4.914720e-01	4.894158e-01	4.869860e-01	4.836323e-01	4.786281e-01	4.747075e-01	
2.740424e-01	2.773504e-01	2.772606e-01	2.762153e-01	2.755066e-01	2.749443e-01	2.743774e-01	2.736655e-01	2.726501e-01	2.711201e-01	4.727464e-01	
2.634742e-01	2.599713e-01	2.602667e-01	2.618745e-01	2.629724e-01	2.637667e-01	2.644139e-01	2.650527e-01	2.658362e-01	2.669662e-01	4.694416e-01	
4.523094e-01	4.370652e-01	4.410628e-01	4.462155e-01	4.497205e-01	4.522997e-01	4.544965e-01	4.567983e-01	4.597459e-01	4.640568e-01	4.674801e-01	
2.526845e-01	4.350352e-01	2.495971e-01	2.511615e-01	2.522227e-01	2.529860e-01	2.536039e-01	2.542127e-01	2.549639e-01	2.560555e-01	2.561425e-01	
2.417382e-01	4.316144e-01	2.453043e-01	2.441085e-01	2.432901e-01	2.426350e-01	2.419800e-01	2.411783e-01	2.400661e-01	2.384313e-01	2.381332e-01	
4.139174e-01	4.295840e-01	4.260044e-01	4.214912e-01	4.184116e-01	4.160220e-01	4.137602e-01	4.111207e-01	4.075409e-01	4.022764e-01	3.981870e-01	
2.305955e-01	2.341677e-01	2.340604e-01	2.328930e-01	2.320928e-01	2.314535e-01	2.308168e-01	2.300402e-01	2.289654e-01	2.273806e-01	3.960961e-01	
2.193230e-01	2.156220e-01	2.159107e-01	2.175487e-01	2.186645e-01	2.194751e-01	2.201475e-01	2.208318e-01	2.216949e-01	2.229567e-01	3.925726e-01	
3.743813e-01	3.582277e-01	3.623815e-01	3.677209e-01	3.713533e-01	3.740430e-01	3.763672e-01	3.788451e-01	3.820539e-01	3.867580e-01	3.904814e-01	
2.078779e-01	3.560854e-01	2.045427e-01	2.061349e-01	2.072157e-01	2.080028e-01	2.086590e-01	2.093309e-01	2.101815e-01	2.114233e-01	2.115508e-01	
1.963284e-01	3.524753e-01	2.000101e-01	1.986856e-01	1.977806e-01	1.970706e-01	1.963853e-01	1.955716e-01	1.944593e-01	1.928272e-01	1.925492e-01	
3.338733e-01	3.503327e-01	3.464818e-01	3.416070e-01	3.382828e-01	3.357281e-01	3.333530e-01	3.306267e-01	3.269594e-01	3.215700e-01	3.173706e-01	
1.846320e-01	1.883885e-01	1.882411e-01	1.869300e-01	1.860327e-01	1.853314e-01	1.846592e-01	1.838658e-01	1.827842e-01	1.811920e-01	3.151866e-01	
1.728582e-01	1.690178e-01	1.692839e-01	1.709028e-01	1.720066e-01	1.728199e-01	1.735151e-01	1.742478e-01	1.751905e-01	1.765715e-01	3.115064e-01	
2.925781e-01	2.758011e-01	2.800275e-01	2.854430e-01	2.891291e-01	2.918800e-01	2.942954e-01	2.969151e-01	3.003391e-01	3.053617e-01	3.093222e-01	
1.609636e-01	2.735853e-01	1.574347e-01	1.590202e-01	1.600980e-01	1.608946e-01	1.615801e-01	1.623074e-01	1.632469e-01	1.646205e-01	1.647868e-01	
1.490186e-01	2.698516e-01	1.527472e-01	1.513168e-01	1.503415e-01	1.495904e-01	1.488887e-01	1.480794e-01	1.469882e-01	1.453883e-01	1.451346e-01	
2.506821e-01	2.676356e-01	2.635840e-01	2.584379e-01	2.549316e-01	2.522605e-01	2.498166e-01	2.470532e-01	2.433631e-01	2.379426e-01	2.337063e-01	
1.369776e-01	1.408492e-01	1.406649e-01	1.392375e-01	1.382631e-01	1.375158e-01	1.368221e-01	1.360262e-01	1.349552e-01	1.333800e-01	2.314685e-01	
1.249113e-01	1.209970e-01	1.212378e-01	1.228170e-01	1.238974e-01	1.247055e-01	1.254151e-01	1.261825e-01	1.271828e-01	1.286489e-01	2.276978e-01	
2.083603e-01	1.912484e-01	1.954812e-01	2.008946e-01	2.045867e-01	2.073646e-01	2.098364e-01	2.125497e-01	2.161156e-01	2.213461e-01	2.254599e-01	
1.127770e-01	1.889967e-01	1.091131e-01	1.106777e-01	1.117535e-01	1.125649e-01	1.132801e-01	1.140512e-01	1.150502e-01	1.165052e-01	1.166931e-01	
1.006453e-01	1.852024e-01	1.043433e-01	1.028539e-01	1.018657e-01	1.011283e-01	1.004515e-01	9.966663e-02	9.859186e-02	9.699948e-02	9.674367e-02	
1.658086e-01	1.829506e-01	1.787483e-01	1.734667e-01	1.699285e-01	1.672804e-01	1.648760e-01	1.621383e-01	1.584392e-01	1.529668e-01	1.486896e-01	
8.834581e-02	9.216827e-02	9.192439e-02	9.054765e-02	8.967248e-02	8.903649e-02	8.843943e-02	8.770178e-02	8.662479e-02	8.494649e-02	1.464324e-01	
7.594867e-02	7.168353e-02	7.190671e-02	7.379296e-02	7.520767e-02	7.632330e-02	7.727755e-02	7.819040e-02	7.918313e-02	8.039860e-02	1.426290e-01	
1.223260e-01	1.040601e-01	1.085725e-01	1.147509e-01	1.192352e-01	1.227240e-01	1.257545e-01	1.287994e-01	1.323514e-01	1.370139e-01	1.403719e-01	
6.467685e-02	1.016573e-01	5.879794e-02	6.140548e-02	6.332637e-02	6.482120e-02	6.611974e-02	6.742450e-02	6.894661e-02	7.093132e-02	7.041228e-02	
5.459797e-02	9.760827e-02	5.263802e-02	5.342078e-02	5.406196e-02	5.456174e-02	5.499591e-02	5.543218e-02	5.594113e-02	5.660024e-02	5.612393e-02	
8.694887e-02	9.520490e-02	8.694066e-02	8.676126e-02	8.676210e-02	8.676434e-02	8.676631e-02	8.676828e-02	8.677060e-02	8.677492e-02	8.683729e-02	
