3.029897e-01	3.030416e-01	3.030737e-01	3.030762e-01	3.030774e-01	3.030783e-01	3.030793e-01	3.030802e-01	3.030802e-01	3.029936e-01	2.998495e-01	
1.710710e-01	1.705234e-01	1.703686e-01	1.706427e-01	1.708493e-01	1.710182e-01	1.711763e-01	1.713484e-01	1.715621e-01	1.718069e-01	2.989883e-01	
1.673741e-01	1.652837e-01	1.651498e-01	1.659740e-01	1.665916e-01	1.670968e-01	1.675693e-01	1.680841e-01	1.687248e-01	1.695810e-01	2.975371e-01	
2.900111e-01	2.833774e-01	2.847760e-01	2.867114e-01	2.881530e-01	2.893322e-01	2.904352e-01	2.916369e-01	2.931329e-01	2.951751e-01	2.966757e-01	
1.631902e-01	2.825303e-01	1.616750e-01	1.622391e-01	1.626761e-01	1.630419e-01	1.633821e-01	1.637398e-01	1.641635e-01	1.647129e-01	1.647381e-01	
1.585412e-01	2.811027e-01	1.599648e-01	1.594450e-01	1.591106e-01	1.588622e-01	1.586236e-01	1.583251e-01	1.578886e-01	1.572117e-01	1.570597e-01	
2.737021e-01	2.802553e-01	2.787761e-01	2.769150e-01	2.756535e-01	2.746803e-01	2.737552e-01	2.726575e-01	2.711395e-01	2.688739e-01	2.671002e-01	
1.538239e-01	1.553114e-01	1.552747e-01	1.548140e-01	1.545017e-01	1.542522e-01	1.539976e-01	1.536749e-01	1.532129e-01	1.525166e-01	2.662165e-01	
1.490620e-01	1.474804e-01	1.476188e-01	1.483560e-01	1.488592e-01	1.492216e-01	1.495140e-01	1.497991e-01	1.501461e-01	1.506463e-01	2.647274e-01	
2.569970e-01	2.501138e-01	2.519329e-01	2.542797e-01	2.558756e-01	2.570464e-01	2.580377e-01	2.590695e-01	2.603862e-01	2.623117e-01	2.638435e-01	
1.441934e-01	2.491957e-01	1.428111e-01	1.435289e-01	1.440155e-01	1.443635e-01	1.446416e-01	1.449113e-01	1.452407e-01	1.457191e-01	1.457529e-01	
1.392429e-01	2.476486e-01	1.408710e-01	1.403426e-01	1.399807e-01	1.396881e-01	1.393908e-01	1.390219e-01	1.385070e-01	1.377499e-01	1.376078e-01	
2.396301e-01	2.467303e-01	2.451260e-01	2.431078e-01	2.417305e-01	2.406568e-01	2.396318e-01	2.384261e-01	2.367846e-01	2.343696e-01	2.324962e-01	
1.341933e-01	1.358110e-01	1.357697e-01	1.352595e-01	1.349095e-01	1.346265e-01	1.343388e-01	1.339821e-01	1.334847e-01	1.327507e-01	2.315460e-01	
1.290704e-01	1.273824e-01	1.275228e-01	1.282901e-01	1.288125e-01	1.291891e-01	1.294962e-01	1.298024e-01	1.301842e-01	1.307417e-01	2.299446e-01	
2.216584e-01	2.142923e-01	2.162103e-01	2.186799e-01	2.203592e-01	2.215968e-01	2.226558e-01	2.237731e-01	2.252118e-01	2.273206e-01	2.289942e-01	
1.238556e-01	2.133129e-01	1.223539e-01	1.230990e-01	1.236044e-01	1.239691e-01	1.242670e-01	1.245648e-01	1.249365e-01	1.254788e-01	1.255277e-01	
1.185754e-01	2.116624e-01	1.202831e-01	1.196970e-01	1.192962e-01	1.189773e-01	1.186621e-01	1.182800e-01	1.177527e-01	1.169785e-01	1.168402e-01	
2.031348e-01	2.106828e-01	2.089448e-01	2.067513e-01	2.052552e-01	2.040979e-01	2.030086e-01	2.017437e-01	2.000324e-01	1.975163e-01	1.955598e-01	
1.132113e-01	1.149323e-01	1.148759e-01	1.143029e-01	1.139104e-01	1.135988e-01	1.132918e-01	1.129206e-01	1.124091e-01	1.116551e-01	1.945543e-01	
1.077904e-01	1.060134e-01	1.061491e-01	1.069278e-01	1.074583e-01	1.078447e-01	1.081672e-01	1.084977e-01	1.089165e-01	1.095292e-01	1.928598e-01	
1.841178e-01	1.763576e-01	1.783465e-01	1.809013e-01	1.826393e-01	1.839276e-01	1.850439e-01	1.862376e-01	1.877862e-01	1.900573e-01	1.918541e-01	
1.022938e-01	1.753291e-01	1.006882e-01	1.014487e-01	1.019650e-01	1.023416e-01	1.026569e-01	1.029813e-01	1.033932e-01	1.039947e-01	1.040584e-01	
9.674933e-02	1.735960e-01	9.851390e-02	9.787667e-02	9.744163e-02	9.710082e-02	9.677241e-02	9.638286e-02	9.585049e-02	9.506921e-02	9.493618e-02	
1.646669e-01	1.725674e-01	1.707175e-01	1.683766e-01	1.667811e-01	1.655556e-01	1.644164e-01	1.631085e-01	1.613487e-01	1.587619e-01	1.567461e-01	
9.113672e-02	9.293890e-02	9.286811e-02	9.224085e-02	9.181222e-02	9.147734e-02	9.115570e-02	9.077492e-02	9.025478e-02	8.948865e-02	1.556979e-01	
8.548431e-02	8.363886e-02	8.376895e-02	8.455270e-02	8.508822e-02	8.548268e-02	8.581824e-02	8.616890e-02	8.661745e-02	8.727386e-02	1.539314e-01	
1.448373e-01	1.367746e-01	1.388132e-01	1.414291e-01	1.432119e-01	1.445418e-01	1.457054e-01	1.469605e-01	1.485948e-01	1.509909e-01	1.528830e-01	
7.977317e-02	1.357089e-01	7.808086e-02	7.885299e-02	7.938287e-02	7.977594e-02	8.011090e-02	8.045892e-02	8.090049e-02	8.154246e-02	8.161368e-02	
7.403201e-02	1.339132e-01	7.582461e-02	7.515319e-02	7.470768e-02	7.436867e-02	7.404524e-02	7.365655e-02	7.311548e-02	7.231301e-02	7.217262e-02	
1.246963e-01	1.328475e-01	1.308966e-01	1.284560e-01	1.268212e-01	1.255861e-01	1.244427e-01	1.231164e-01	1.213077e-01	1.186296e-01	1.165434e-01	
6.818050e-02	6.999473e-02	6.989668e-02	6.928772e-02	6.890251e-02	6.861680e-02	6.833577e-02	6.797417e-02	6.743742e-02	6.660028e-02	1.154633e-01	
6.224752e-02	6.018994e-02	6.031561e-02	6.126833e-02	6.197902e-02	6.253192e-02	6.299404e-02	6.342337e-02	6.387799e-02	6.442551e-02	1.136431e-01	
1.038826e-01	9.508006e-02	9.730196e-02	1.003472e-01	1.025526e-01	1.042560e-01	1.057168e-01	1.071620e-01	1.088272e-01	1.109996e-01	1.125629e-01	
5.683353e-02	9.391712e-02	5.402156e-02	5.530713e-02	5.625156e-02	5.698123e-02	5.760697e-02	5.822605e-02	5.893938e-02	5.986363e-02	5.959672e-02	
5.196708e-02	9.195736e-02	5.102984e-02	5.141673e-02	5.173191e-02	5.197581e-02	5.218497e-02	5.239192e-02	5.263037e-02	5.293717e-02	5.270326e-02	
8.679796e-02	9.079407e-02	8.679403e-02	8.670724e-02	8.670767e-02	8.670876e-02	8.670971e-02	8.671065e-02	8.671173e-02	8.671377e-02	8.674395e-02	
