2.827972e-01	2.828450e-01	2.828746e-01	2.828768e-01	2.828779e-01	2.828788e-01	2.828797e-01	2.828806e-01	2.828805e-01	2.828007e-01	2.799046e-01	
1.596911e-01	1.591867e-01	1.590442e-01	1.592967e-01	1.594870e-01	1.596426e-01	1.597882e-01	1.599468e-01	1.601435e-01	1.603690e-01	2.791113e-01	
1.562858e-01	1.543602e-01	1.542371e-01	1.549965e-01	1.555654e-01	1.560308e-01	1.564661e-01	1.569402e-01	1.575302e-01	1.583187e-01	2.777746e-01	
2.708420e-01	2.647313e-01	2.660200e-01	2.678033e-01	2.691314e-01	2.702178e-01	2.712339e-01	2.723406e-01	2.737183e-01	2.755992e-01	2.769812e-01	
1.524318e-01	2.639509e-01	1.510364e-01	1.515563e-01	1.519590e-01	1.522961e-01	1.526094e-01	1.529388e-01	1.533288e-01	1.538346e-01	1.538577e-01	
1.481491e-01	2.626358e-01	1.494611e-01	1.489826e-01	1.486748e-01	1.484461e-01	1.482262e-01	1.479510e-01	1.475486e-01	1.469245e-01	1.467842e-01	
2.558178e-01	2.618552e-01	2.604930e-01	2.587793e-01	2.576176e-01	2.567214e-01	2.558692e-01	2.548576e-01	2.534584e-01	2.513702e-01	2.497354e-01	
1.438032e-01	1.451736e-01	1.451400e-01	1.447163e-01	1.444290e-01	1.441994e-01	1.439649e-01	1.436674e-01	1.432414e-01	1.425994e-01	2.489213e-01	
1.394158e-01	1.379583e-01	1.380862e-01	1.387663e-01	1.392305e-01	1.395647e-01	1.398341e-01	1.400966e-01	1.404159e-01	1.408762e-01	2.475492e-01	
2.404259e-01	2.340829e-01	2.357601e-01	2.379242e-01	2.393957e-01	2.404750e-01	2.413885e-01	2.423388e-01	2.435512e-01	2.453242e-01	2.467349e-01	
1.349295e-01	2.332368e-01	1.336564e-01	1.343187e-01	1.347676e-01	1.350885e-01	1.353447e-01	1.355929e-01	1.358958e-01	1.363357e-01	1.363665e-01	
1.303670e-01	2.318109e-01	1.318685e-01	1.313824e-01	1.310494e-01	1.307800e-01	1.305059e-01	1.301654e-01	1.296901e-01	1.289911e-01	1.288597e-01	
2.244198e-01	2.309646e-01	2.294870e-01	2.276285e-01	2.263602e-01	2.253711e-01	2.244263e-01	2.233143e-01	2.217999e-01	2.195720e-01	2.178437e-01	
1.257125e-01	1.272035e-01	1.271660e-01	1.266969e-01	1.263752e-01	1.261147e-01	1.258496e-01	1.255205e-01	1.250613e-01	1.243837e-01	2.169677e-01	
1.209894e-01	1.194328e-01	1.195628e-01	1.202718e-01	1.207544e-01	1.211021e-01	1.213854e-01	1.216674e-01	1.220186e-01	1.225316e-01	2.154913e-01	
2.078506e-01	2.010577e-01	2.028280e-01	2.051078e-01	2.066579e-01	2.077999e-01	2.087765e-01	2.098059e-01	2.111311e-01	2.130734e-01	2.146151e-01	
1.161807e-01	2.001544e-01	1.147971e-01	1.154856e-01	1.159525e-01	1.162891e-01	1.165638e-01	1.168378e-01	1.171795e-01	1.176781e-01	1.177225e-01	
1.113105e-01	1.986320e-01	1.128873e-01	1.123480e-01	1.119791e-01	1.116854e-01	1.113945e-01	1.110414e-01	1.105539e-01	1.098379e-01	1.097096e-01	
1.907651e-01	1.977285e-01	1.961269e-01	1.941061e-01	1.927278e-01	1.916610e-01	1.906561e-01	1.894882e-01	1.879075e-01	1.855833e-01	1.837763e-01	
1.063618e-01	1.079494e-01	1.078981e-01	1.073714e-01	1.070106e-01	1.067238e-01	1.064406e-01	1.060977e-01	1.056247e-01	1.049276e-01	1.828484e-01	
1.013594e-01	9.971895e-02	9.984508e-02	1.005659e-01	1.010569e-01	1.014143e-01	1.017120e-01	1.020165e-01	1.024020e-01	1.029659e-01	1.812847e-01	
1.732157e-01	1.660522e-01	1.678904e-01	1.702520e-01	1.718585e-01	1.730489e-01	1.740792e-01	1.751800e-01	1.766073e-01	1.787003e-01	1.803566e-01	
9.628574e-02	1.651025e-01	9.480535e-02	9.550910e-02	9.598688e-02	9.633511e-02	9.662605e-02	9.692471e-02	9.730341e-02	9.785652e-02	9.791443e-02	
9.116627e-02	1.635023e-01	9.279779e-02	9.221115e-02	9.181061e-02	9.149644e-02	9.119303e-02	9.083243e-02	9.033918e-02	8.961526e-02	8.949143e-02	
1.552555e-01	1.625525e-01	1.608464e-01	1.586880e-01	1.572169e-01	1.560863e-01	1.550341e-01	1.538248e-01	1.521968e-01	1.498037e-01	1.479392e-01	
8.598235e-02	8.764672e-02	8.758232e-02	8.700544e-02	8.661122e-02	8.630280e-02	8.600583e-02	8.565349e-02	8.517172e-02	8.446204e-02	1.469707e-01	
8.075984e-02	7.905398e-02	7.917530e-02	7.990229e-02	8.039899e-02	8.076448e-02	8.107472e-02	8.139814e-02	8.181128e-02	8.241579e-02	1.453386e-01	
1.369339e-01	1.294813e-01	1.313685e-01	1.337906e-01	1.354413e-01	1.366719e-01	1.377474e-01	1.389059e-01	1.404136e-01	1.426240e-01	1.443699e-01	
7.548134e-02	1.284960e-01	7.391929e-02	7.463523e-02	7.512650e-02	7.549052e-02	7.579999e-02	7.612069e-02	7.652696e-02	7.711754e-02	7.718225e-02	
7.017306e-02	1.268357e-01	7.183323e-02	7.121458e-02	7.080408e-02	7.049128e-02	7.019203e-02	6.983154e-02	6.932919e-02	6.858408e-02	6.845303e-02	
1.183112e-01	1.258503e-01	1.240490e-01	1.217962e-01	1.202872e-01	1.191463e-01	1.180889e-01	1.168606e-01	1.151845e-01	1.127027e-01	1.107698e-01	
6.476077e-02	6.643855e-02	6.634900e-02	6.578870e-02	6.543439e-02	6.517120e-02	6.491146e-02	6.457632e-02	6.407830e-02	6.330153e-02	1.097703e-01	
5.927089e-02	5.736594e-02	5.748342e-02	5.836817e-02	5.902792e-02	5.954073e-02	5.996868e-02	6.036547e-02	6.078484e-02	6.128930e-02	1.080861e-01	
9.905169e-02	9.090274e-02	9.296266e-02	9.578605e-02	9.783053e-02	9.940891e-02	1.007613e-01	1.020978e-01	1.036364e-01	1.056428e-01	1.070865e-01	
5.426000e-02	8.982582e-02	5.165814e-02	5.285009e-02	5.372559e-02	5.440166e-02	5.498094e-02	5.555345e-02	5.621254e-02	5.706614e-02	5.681799e-02	
4.975427e-02	8.801104e-02	4.888708e-02	4.924585e-02	4.953802e-02	4.976400e-02	4.995764e-02	5.014901e-02	5.036933e-02	5.065267e-02	5.043584e-02	
8.323327e-02	8.693379e-02	8.322964e-02	8.314926e-02	8.314966e-02	8.315068e-02	8.315155e-02	8.315242e-02	8.315342e-02	8.315531e-02	8.318326e-02	
