5.362555e-01	5.363657e-01	5.364338e-01	5.364390e-01	5.364416e-01	5.364436e-01	5.364456e-01	5.364476e-01	5.364476e-01	5.362637e-01	5.295889e-01	
3.021690e-01	3.010060e-01	3.006763e-01	3.012563e-01	3.016937e-01	3.020519e-01	3.023877e-01	3.027540e-01	3.032090e-01	3.037306e-01	5.277605e-01	
2.943204e-01	2.898829e-01	2.895951e-01	2.913387e-01	2.926461e-01	2.937170e-01	2.947206e-01	2.958157e-01	2.971795e-01	2.990023e-01	5.246797e-01	
5.087080e-01	4.946326e-01	4.975904e-01	5.016834e-01	5.047340e-01	5.072329e-01	5.095747e-01	5.121300e-01	5.153136e-01	5.196595e-01	5.228511e-01	
2.854398e-01	4.928363e-01	2.822151e-01	2.834035e-01	2.843256e-01	2.851000e-01	2.858228e-01	2.865862e-01	2.874927e-01	2.886692e-01	2.887261e-01	
2.755807e-01	4.898090e-01	2.785863e-01	2.774728e-01	2.767563e-01	2.762263e-01	2.757213e-01	2.750940e-01	2.741789e-01	2.727590e-01	2.724431e-01	
4.741295e-01	4.880122e-01	4.848619e-01	4.808937e-01	4.782036e-01	4.761331e-01	4.741732e-01	4.718566e-01	4.686586e-01	4.638865e-01	4.601481e-01	
2.655846e-01	2.687375e-01	2.686525e-01	2.676576e-01	2.669830e-01	2.664476e-01	2.659073e-01	2.652283e-01	2.642597e-01	2.628002e-01	4.582787e-01	
2.555101e-01	2.521704e-01	2.524528e-01	2.539874e-01	2.550352e-01	2.557931e-01	2.564102e-01	2.570187e-01	2.577647e-01	2.588406e-01	4.551283e-01	
4.387949e-01	4.242609e-01	4.280744e-01	4.329900e-01	4.363337e-01	4.387936e-01	4.408881e-01	4.430815e-01	4.458896e-01	4.499966e-01	4.532584e-01	
2.452236e-01	4.223253e-01	2.422817e-01	2.437749e-01	2.447878e-01	2.455161e-01	2.461050e-01	2.466847e-01	2.473994e-01	2.484381e-01	2.485202e-01	
2.347861e-01	4.190634e-01	2.381886e-01	2.370503e-01	2.362711e-01	2.356470e-01	2.350223e-01	2.342569e-01	2.331947e-01	2.316332e-01	2.313479e-01	
4.021868e-01	4.171274e-01	4.137164e-01	4.094163e-01	4.064821e-01	4.042046e-01	4.020476e-01	3.995290e-01	3.961123e-01	3.910874e-01	3.871846e-01	
2.241597e-01	2.275662e-01	2.274650e-01	2.263545e-01	2.255932e-01	2.249845e-01	2.243774e-01	2.236361e-01	2.226096e-01	2.210959e-01	3.851902e-01	
2.134075e-01	2.098764e-01	2.101531e-01	2.117189e-01	2.127854e-01	2.135599e-01	2.142014e-01	2.148535e-01	2.156752e-01	2.168764e-01	3.818293e-01	
3.644748e-01	3.490631e-01	3.530295e-01	3.581289e-01	3.615979e-01	3.641656e-01	3.663829e-01	3.687452e-01	3.718031e-01	3.762857e-01	3.798346e-01	
2.024886e-01	3.470187e-01	1.993094e-01	2.008312e-01	2.018643e-01	2.026161e-01	2.032419e-01	2.038817e-01	2.046909e-01	2.058721e-01	2.059924e-01	
1.914675e-01	3.435738e-01	1.949844e-01	1.937233e-01	1.928616e-01	1.921849e-01	1.915307e-01	1.907528e-01	1.896886e-01	1.881271e-01	1.878601e-01	
3.258195e-01	3.415292e-01	3.378578e-01	3.332112e-01	3.300425e-01	3.276063e-01	3.253394e-01	3.227351e-01	3.192305e-01	3.140800e-01	3.100674e-01	
1.803038e-01	1.838890e-01	1.837499e-01	1.825027e-01	1.816490e-01	1.809811e-01	1.803397e-01	1.795813e-01	1.785468e-01	1.770236e-01	3.079823e-01	
1.690630e-01	1.653953e-01	1.656513e-01	1.672017e-01	1.682588e-01	1.690370e-01	1.697011e-01	1.703996e-01	1.712975e-01	1.726125e-01	3.044687e-01	
2.863935e-01	2.703708e-01	2.744121e-01	2.795915e-01	2.831166e-01	2.857461e-01	2.880528e-01	2.905521e-01	2.938170e-01	2.986061e-01	3.023834e-01	
1.577041e-01	2.682542e-01	1.543378e-01	1.558559e-01	1.568879e-01	1.576498e-01	1.583042e-01	1.589971e-01	1.598911e-01	1.611979e-01	1.613548e-01	
1.462934e-01	2.646875e-01	1.498602e-01	1.484976e-01	1.475685e-01	1.468521e-01	1.461814e-01	1.454063e-01	1.443601e-01	1.428262e-01	1.425816e-01	
2.463709e-01	2.625706e-01	2.587047e-01	2.537957e-01	2.504510e-01	2.479014e-01	2.455661e-01	2.429227e-01	2.393908e-01	2.342025e-01	2.301484e-01	
1.347875e-01	1.384867e-01	1.383128e-01	1.369544e-01	1.360270e-01	1.353148e-01	1.346523e-01	1.338903e-01	1.328639e-01	1.313540e-01	2.280093e-01	
1.232535e-01	1.195101e-01	1.197428e-01	1.212587e-01	1.222957e-01	1.230705e-01	1.237492e-01	1.244815e-01	1.254348e-01	1.268318e-01	2.244049e-01	
2.059152e-01	1.895513e-01	1.936054e-01	1.987917e-01	2.023287e-01	2.049882e-01	2.073518e-01	2.099431e-01	2.133465e-01	2.183385e-01	2.222657e-01	
1.116504e-01	1.873973e-01	1.081517e-01	1.096529e-01	1.106850e-01	1.114625e-01	1.121461e-01	1.128813e-01	1.138324e-01	1.152175e-01	1.153947e-01	
1.000454e-01	1.837678e-01	1.035890e-01	1.021692e-01	1.012271e-01	1.005231e-01	9.987523e-02	9.912192e-02	9.808911e-02	9.655880e-02	9.631129e-02	
1.652102e-01	1.816137e-01	1.775993e-01	1.725555e-01	1.691766e-01	1.666461e-01	1.643452e-01	1.617220e-01	1.581751e-01	1.529275e-01	1.488270e-01	
8.827541e-02	9.193270e-02	9.170191e-02	9.039108e-02	8.955808e-02	8.895191e-02	8.838099e-02	8.767355e-02	8.663941e-02	8.502777e-02	1.466661e-01	
7.640691e-02	7.232128e-02	7.253767e-02	7.435069e-02	7.570992e-02	7.678071e-02	7.769506e-02	7.856790e-02	7.951534e-02	8.067405e-02	1.430249e-01	
1.235813e-01	1.060855e-01	1.104145e-01	1.163421e-01	1.206438e-01	1.239886e-01	1.268914e-01	1.298047e-01	1.332003e-01	1.376554e-01	1.408640e-01	
6.561292e-02	1.037833e-01	5.998491e-02	6.248668e-02	6.432928e-02	6.576243e-02	6.700622e-02	6.825457e-02	6.970960e-02	7.160599e-02	7.110642e-02	
5.595763e-02	9.990374e-02	5.408136e-02	5.483252e-02	5.544755e-02	5.592670e-02	5.634256e-02	5.675996e-02	5.724647e-02	5.787623e-02	5.741937e-02	
8.969052e-02	9.760096e-02	8.968265e-02	8.951076e-02	8.951157e-02	8.951372e-02	8.951561e-02	8.951750e-02	8.951971e-02	8.952385e-02	8.958361e-02	
