2.024209e-01	2.024537e-01	2.024740e-01	2.024755e-01	2.024763e-01	2.024769e-01	2.024775e-01	2.024781e-01	2.024781e-01	2.024234e-01	2.004387e-01	
1.143521e-01	1.140065e-01	1.139089e-01	1.140821e-01	1.142126e-01	1.143193e-01	1.144191e-01	1.145276e-01	1.146624e-01	1.148167e-01	1.998951e-01	
1.120185e-01	1.106990e-01	1.106149e-01	1.111357e-01	1.115259e-01	1.118450e-01	1.121432e-01	1.124680e-01	1.128720e-01	1.134119e-01	1.989791e-01	
1.942279e-01	1.900397e-01	1.909238e-01	1.921470e-01	1.930580e-01	1.938028e-01	1.944990e-01	1.952572e-01	1.962007e-01	1.974888e-01	1.984354e-01	
1.093774e-01	1.895048e-01	1.084218e-01	1.087787e-01	1.090552e-01	1.092864e-01	1.095010e-01	1.097264e-01	1.099931e-01	1.103389e-01	1.103545e-01	
1.064417e-01	1.886033e-01	1.073421e-01	1.070150e-01	1.068046e-01	1.066481e-01	1.064972e-01	1.063082e-01	1.060315e-01	1.056025e-01	1.055058e-01	
1.839286e-01	1.880682e-01	1.871355e-01	1.859625e-01	1.851673e-01	1.845535e-01	1.839692e-01	1.832749e-01	1.823142e-01	1.808802e-01	1.797578e-01	
1.034621e-01	1.044016e-01	1.043792e-01	1.040901e-01	1.038941e-01	1.037372e-01	1.035765e-01	1.033722e-01	1.030793e-01	1.026379e-01	1.791994e-01	
1.004528e-01	9.945261e-02	9.954113e-02	1.000096e-01	1.003293e-01	1.005592e-01	1.007441e-01	1.009237e-01	1.011419e-01	1.014562e-01	1.782583e-01	
1.733707e-01	1.690179e-01	1.701710e-01	1.716592e-01	1.726710e-01	1.734127e-01	1.740395e-01	1.746905e-01	1.755203e-01	1.767338e-01	1.776997e-01	
9.737459e-02	1.684370e-01	9.650276e-02	9.695897e-02	9.726819e-02	9.748894e-02	9.766464e-02	9.783412e-02	9.804048e-02	9.834017e-02	9.836045e-02	
9.424235e-02	1.674581e-01	9.527556e-02	9.494371e-02	9.471637e-02	9.453198e-02	9.434361e-02	9.410892e-02	9.378082e-02	9.329821e-02	9.320690e-02	
1.623817e-01	1.668771e-01	1.658649e-01	1.645925e-01	1.637242e-01	1.630463e-01	1.623973e-01	1.616321e-01	1.605890e-01	1.590543e-01	1.578641e-01	
9.104541e-02	9.206938e-02	9.204471e-02	9.172539e-02	9.150634e-02	9.132846e-02	9.114650e-02	9.091971e-02	9.060276e-02	9.013495e-02	1.572620e-01	
8.779917e-02	8.672833e-02	8.681911e-02	8.730987e-02	8.764392e-02	8.788417e-02	8.807908e-02	8.827221e-02	8.851200e-02	8.886216e-02	1.562473e-01	
1.509928e-01	1.463201e-01	1.475414e-01	1.491149e-01	1.501847e-01	1.509719e-01	1.516436e-01	1.523498e-01	1.532576e-01	1.545882e-01	1.556450e-01	
8.449200e-02	1.456983e-01	8.354314e-02	8.401963e-02	8.434270e-02	8.457514e-02	8.476386e-02	8.495107e-02	8.518369e-02	8.552297e-02	8.555211e-02	
8.113983e-02	1.446504e-01	8.222880e-02	8.186056e-02	8.160861e-02	8.140732e-02	8.120682e-02	8.096228e-02	8.062384e-02	8.012676e-02	8.003675e-02	
1.392321e-01	1.440285e-01	1.429296e-01	1.415440e-01	1.405988e-01	1.398662e-01	1.391740e-01	1.383673e-01	1.372741e-01	1.356664e-01	1.344171e-01	
7.773106e-02	7.882437e-02	7.879073e-02	7.843218e-02	7.818651e-02	7.799048e-02	7.779561e-02	7.755833e-02	7.723018e-02	7.674641e-02	1.337773e-01	
7.428209e-02	7.314974e-02	7.323869e-02	7.374067e-02	7.408256e-02	7.433075e-02	7.453635e-02	7.474532e-02	7.500878e-02	7.539413e-02	1.326992e-01	
1.271319e-01	1.221876e-01	1.234614e-01	1.250989e-01	1.262126e-01	1.270366e-01	1.277477e-01	1.285047e-01	1.294846e-01	1.309214e-01	1.320594e-01	
7.078100e-02	1.215316e-01	6.976322e-02	7.025301e-02	7.058543e-02	7.082701e-02	7.102756e-02	7.123189e-02	7.148987e-02	7.186657e-02	7.190456e-02	
6.724459e-02	1.204262e-01	6.837666e-02	6.797541e-02	6.770136e-02	6.748551e-02	6.727552e-02	6.702435e-02	6.667977e-02	6.617393e-02	6.608611e-02	
1.147249e-01	1.197701e-01	1.185961e-01	1.171123e-01	1.161009e-01	1.153220e-01	1.145944e-01	1.137554e-01	1.126238e-01	1.109601e-01	1.096648e-01	
6.366015e-02	6.481061e-02	6.476834e-02	6.437510e-02	6.410632e-02	6.389506e-02	6.368998e-02	6.344490e-02	6.310867e-02	6.261321e-02	1.089943e-01	
6.004486e-02	5.886223e-02	5.894877e-02	5.945853e-02	5.980672e-02	6.006208e-02	6.027732e-02	6.049990e-02	6.078293e-02	6.119692e-02	1.078645e-01	
1.020411e-01	9.687510e-02	9.818978e-02	9.987828e-02	1.010288e-01	1.018850e-01	1.026303e-01	1.034300e-01	1.044683e-01	1.059905e-01	1.071939e-01	
5.638684e-02	9.619142e-02	5.530906e-02	5.581047e-02	5.615439e-02	5.640830e-02	5.662252e-02	5.684257e-02	5.711990e-02	5.752288e-02	5.756519e-02	
5.270358e-02	9.503935e-02	5.386176e-02	5.343738e-02	5.315579e-02	5.294021e-02	5.273210e-02	5.247944e-02	5.212613e-02	5.160196e-02	5.150820e-02	
8.911874e-02	9.435560e-02	9.311127e-02	9.155673e-02	9.051546e-02	8.972651e-02	8.899196e-02	8.813519e-02	8.696368e-02	8.522870e-02	8.387844e-02	
4.894362e-02	5.010856e-02	5.004897e-02	4.966642e-02	4.942482e-02	4.924444e-02	4.906443e-02	4.883006e-02	4.848053e-02	4.793527e-02	8.318318e-02	
4.512467e-02	4.379715e-02	4.388160e-02	4.450430e-02	4.496811e-02	4.532758e-02	4.562607e-02	4.590100e-02	4.618977e-02	4.653574e-02	8.201159e-02	
7.572056e-02	7.004305e-02	7.148503e-02	7.346186e-02	7.489266e-02	7.599554e-02	7.693781e-02	7.786580e-02	7.893109e-02	8.031827e-02	8.131625e-02	
4.163609e-02	6.929203e-02	3.982636e-02	4.066098e-02	4.127364e-02	4.174601e-02	4.214959e-02	4.254708e-02	4.300338e-02	4.359347e-02	4.341817e-02	
3.849553e-02	6.802641e-02	3.789239e-02	3.814374e-02	3.834819e-02	3.850607e-02	3.864097e-02	3.877383e-02	3.892635e-02	3.912220e-02	3.897050e-02	
6.469443e-02	6.727514e-02	6.469190e-02	6.463585e-02	6.463613e-02	6.463684e-02	6.463745e-02	6.463806e-02	6.463875e-02	6.464006e-02	6.465955e-02	
