8.307906e-01	8.310647e-01	8.312338e-01	8.312463e-01	8.312523e-01	8.312574e-01	8.312622e-01	8.312676e-01	8.312678e-01	8.308110e-01	8.142132e-01	
4.646665e-01	4.617573e-01	4.608937e-01	4.622594e-01	4.633009e-01	4.641739e-01	4.650175e-01	4.659623e-01	4.671502e-01	4.685218e-01	8.096667e-01	
4.451511e-01	4.341291e-01	4.332708e-01	4.373623e-01	4.404634e-01	4.430622e-01	4.455727e-01	4.483835e-01	4.519263e-01	4.566605e-01	8.020058e-01	
7.625172e-01	7.278206e-01	7.347243e-01	7.442879e-01	7.514898e-01	7.575231e-01	7.633484e-01	7.698681e-01	7.780877e-01	7.892975e-01	7.974590e-01	
4.231377e-01	7.234334e-01	4.148056e-01	4.174030e-01	4.194700e-01	4.212984e-01	4.231268e-01	4.251823e-01	4.277163e-01	4.310365e-01	4.313112e-01	
3.990404e-01	7.160405e-01	4.058611e-01	4.027062e-01	4.006665e-01	3.992430e-01	3.980521e-01	3.967422e-01	3.949164e-01	3.920536e-01	3.915279e-01	
6.782635e-01	7.116528e-01	7.034501e-01	6.929356e-01	6.857984e-01	6.804771e-01	6.757585e-01	6.705236e-01	6.635139e-01	6.530706e-01	6.447927e-01	
3.749100e-01	3.825494e-01	3.820752e-01	3.789593e-01	3.768452e-01	3.752958e-01	3.739599e-01	3.725085e-01	3.705688e-01	3.676495e-01	6.403883e-01	
3.511738e-01	3.435346e-01	3.438281e-01	3.465197e-01	3.483707e-01	3.498271e-01	3.512247e-01	3.528585e-01	3.550516e-01	3.582335e-01	6.329669e-01	
5.952421e-01	5.619893e-01	5.697493e-01	5.795804e-01	5.862977e-01	5.914781e-01	5.963084e-01	6.018496e-01	6.092746e-01	6.201343e-01	6.285626e-01	
3.274496e-01	5.576626e-01	3.199161e-01	3.225328e-01	3.243251e-01	3.257513e-01	3.271568e-01	3.288485e-01	3.311641e-01	3.345410e-01	3.351076e-01	
3.041183e-01	5.503728e-01	3.106992e-01	3.073312e-01	3.050407e-01	3.033993e-01	3.020840e-01	3.008007e-01	2.992197e-01	2.969097e-01	2.967354e-01	
5.135957e-01	5.460469e-01	5.374924e-01	5.264160e-01	5.188654e-01	5.133253e-01	5.086461e-01	5.037883e-01	4.975914e-01	4.885185e-01	4.812960e-01	
2.810569e-01	2.885195e-01	2.878383e-01	2.842475e-01	2.817955e-01	2.800517e-01	2.786813e-01	2.773801e-01	2.758070e-01	2.735137e-01	4.771266e-01	
2.585814e-01	2.515517e-01	2.516058e-01	2.535244e-01	2.548417e-01	2.559671e-01	2.572118e-01	2.588530e-01	2.611957e-01	2.646472e-01	4.701021e-01	
4.348911e-01	4.040631e-01	4.106830e-01	4.189281e-01	4.245624e-01	4.290580e-01	4.335251e-01	4.389577e-01	4.464548e-01	4.574664e-01	4.659340e-01	
2.365793e-01	4.001125e-01	2.291949e-01	2.311752e-01	2.325379e-01	2.337136e-01	2.350307e-01	2.367817e-01	2.392885e-01	2.429650e-01	2.437203e-01	
2.152858e-01	3.934571e-01	2.208177e-01	2.173897e-01	2.150680e-01	2.134702e-01	2.123118e-01	2.113336e-01	2.102442e-01	2.086598e-01	2.086918e-01	
3.602639e-01	3.895081e-01	3.813195e-01	3.706394e-01	3.633770e-01	3.581646e-01	3.539665e-01	3.498454e-01	3.447540e-01	3.373020e-01	3.312730e-01	
1.946102e-01	2.013357e-01	2.005496e-01	1.969187e-01	1.944463e-01	1.927410e-01	1.914981e-01	1.904408e-01	1.892579e-01	1.875419e-01	3.275786e-01	
1.746994e-01	1.685768e-01	1.684965e-01	1.698309e-01	1.707492e-01	1.716078e-01	1.726769e-01	1.741966e-01	1.764304e-01	1.797338e-01	3.213549e-01	
2.904156e-01	2.634350e-01	2.689348e-01	2.756956e-01	2.803122e-01	2.840832e-01	2.879859e-01	2.928944e-01	2.997754e-01	3.099056e-01	3.176622e-01	
1.554823e-01	2.600086e-01	1.488460e-01	1.503655e-01	1.514139e-01	1.523713e-01	1.535284e-01	1.551439e-01	1.575022e-01	1.609695e-01	1.617432e-01	
1.370171e-01	2.542364e-01	1.416303e-01	1.385338e-01	1.364429e-01	1.350276e-01	1.340437e-01	1.332691e-01	1.324542e-01	1.312692e-01	1.313579e-01	
2.255703e-01	2.508116e-01	2.435894e-01	2.341619e-01	2.277657e-01	2.232131e-01	2.196058e-01	2.161321e-01	2.118849e-01	2.056588e-01	2.005839e-01	
1.192503e-01	1.250412e-01	1.243181e-01	1.211104e-01	1.189321e-01	1.174423e-01	1.163763e-01	1.154937e-01	1.145253e-01	1.131190e-01	1.974126e-01	
1.021585e-01	9.691051e-02	9.685077e-02	9.799681e-02	9.878628e-02	9.952378e-02	1.004391e-01	1.017370e-01	1.036441e-01	1.064685e-01	1.920703e-01	
1.654830e-01	1.422871e-01	1.470748e-01	1.529680e-01	1.569896e-01	1.602564e-01	1.636066e-01	1.677909e-01	1.736436e-01	1.822721e-01	1.889006e-01	
8.570882e-02	1.393351e-01	8.008733e-02	8.147147e-02	8.243432e-02	8.329392e-02	8.429171e-02	8.564404e-02	8.759280e-02	9.045493e-02	9.108132e-02	
6.980967e-02	1.343619e-01	7.390727e-02	7.139273e-02	6.972590e-02	6.859690e-02	6.777494e-02	6.705388e-02	6.620926e-02	6.495495e-02	6.492129e-02	
1.095326e-01	1.314110e-01	1.253194e-01	1.175084e-01	1.122832e-01	1.085583e-01	1.055122e-01	1.024108e-01	9.844927e-02	9.257989e-02	8.785499e-02	
5.429468e-02	5.918263e-02	5.861591e-02	5.624971e-02	5.471816e-02	5.368683e-02	5.289979e-02	5.212684e-02	5.111149e-02	4.951712e-02	8.506971e-02	
3.901869e-02	3.393113e-02	3.403596e-02	3.583163e-02	3.720177e-02	3.835697e-02	3.946357e-02	4.066606e-02	4.211049e-02	4.397326e-02	8.037726e-02	
5.573312e-02	3.371632e-02	3.879215e-02	4.564928e-02	5.062764e-02	5.459303e-02	5.820932e-02	6.206012e-02	6.675622e-02	7.305010e-02	7.759289e-02	
2.544994e-02	3.085839e-02	1.825907e-02	2.112241e-02	2.323539e-02	2.491973e-02	2.645739e-02	2.809674e-02	3.009768e-02	3.276441e-02	3.231223e-02	
1.343352e-02	2.604285e-02	1.104986e-02	1.189397e-02	1.259389e-02	1.315303e-02	1.366393e-02	1.420915e-02	1.487510e-02	1.575746e-02	1.523832e-02	
1.336616e-02	2.318466e-02	1.335616e-02	1.314241e-02	1.314313e-02	1.314564e-02	1.314795e-02	1.315042e-02	1.315346e-02	1.315904e-02	1.323336e-02	
