5.837482e-01	5.838728e-01	5.839498e-01	5.839556e-01	5.839585e-01	5.839609e-01	5.839630e-01	5.839654e-01	5.839653e-01	5.837575e-01	5.762139e-01	
3.287785e-01	3.274641e-01	3.270911e-01	3.277463e-01	3.282403e-01	3.286451e-01	3.290246e-01	3.294388e-01	3.299533e-01	3.305433e-01	5.741475e-01	
3.199084e-01	3.148933e-01	3.145672e-01	3.165364e-01	3.180131e-01	3.192231e-01	3.203574e-01	3.215956e-01	3.231377e-01	3.251989e-01	5.706656e-01	
5.526164e-01	5.367107e-01	5.400508e-01	5.446730e-01	5.481185e-01	5.509417e-01	5.535883e-01	5.564772e-01	5.600768e-01	5.649908e-01	5.685990e-01	
3.098721e-01	5.346810e-01	3.062259e-01	3.075670e-01	3.086078e-01	3.094825e-01	3.102996e-01	3.111632e-01	3.121893e-01	3.135211e-01	3.135862e-01	
2.987322e-01	5.312604e-01	3.021252e-01	3.008646e-01	3.000533e-01	2.994537e-01	2.988833e-01	2.981758e-01	2.971442e-01	2.955434e-01	2.951879e-01	
5.135472e-01	5.292302e-01	5.256677e-01	5.211791e-01	5.181362e-01	5.157952e-01	5.135811e-01	5.109660e-01	5.073572e-01	5.019725e-01	4.977535e-01	
2.874391e-01	2.910013e-01	2.909036e-01	2.897754e-01	2.890104e-01	2.884040e-01	2.877935e-01	2.870275e-01	2.859356e-01	2.842902e-01	4.956422e-01	
2.760611e-01	2.722907e-01	2.726073e-01	2.743349e-01	2.755145e-01	2.763684e-01	2.770650e-01	2.777535e-01	2.785986e-01	2.798177e-01	4.920842e-01	
4.736423e-01	4.572341e-01	4.615332e-01	4.670738e-01	4.708428e-01	4.736172e-01	4.759820e-01	4.784616e-01	4.816381e-01	4.862839e-01	4.899724e-01	
2.644467e-01	4.550496e-01	2.611203e-01	2.628011e-01	2.639413e-01	2.647620e-01	2.654273e-01	2.660840e-01	2.668952e-01	2.680741e-01	2.681693e-01	
2.526668e-01	4.513682e-01	2.565002e-01	2.552100e-01	2.543270e-01	2.536210e-01	2.529165e-01	2.520554e-01	2.508618e-01	2.491073e-01	2.487884e-01	
4.323275e-01	4.491833e-01	4.453271e-01	4.404639e-01	4.371456e-01	4.345720e-01	4.321386e-01	4.293012e-01	4.254549e-01	4.197987e-01	4.154044e-01	
2.406781e-01	2.445219e-01	2.444044e-01	2.431433e-01	2.422790e-01	2.415893e-01	2.409040e-01	2.400698e-01	2.389162e-01	2.372154e-01	4.131555e-01	
2.285539e-01	2.245749e-01	2.248829e-01	2.266384e-01	2.278345e-01	2.287041e-01	2.294269e-01	2.301642e-01	2.310954e-01	2.324568e-01	4.093658e-01	
3.898049e-01	3.724375e-01	3.768970e-01	3.826283e-01	3.865275e-01	3.894163e-01	3.919154e-01	3.945829e-01	3.980395e-01	4.031068e-01	4.071165e-01	
2.162475e-01	3.701348e-01	2.126566e-01	2.143633e-01	2.155220e-01	2.163667e-01	2.170725e-01	2.177972e-01	2.187161e-01	2.200577e-01	2.201972e-01	
2.038338e-01	3.662546e-01	2.077844e-01	2.063556e-01	2.053795e-01	2.046148e-01	2.038787e-01	2.030068e-01	2.018163e-01	2.000696e-01	1.997738e-01	
3.462666e-01	3.639516e-01	3.598065e-01	3.545575e-01	3.509783e-01	3.482296e-01	3.456777e-01	3.427524e-01	3.388198e-01	3.330409e-01	3.285370e-01	
1.912666e-01	1.953032e-01	1.951419e-01	1.937257e-01	1.927565e-01	1.920003e-01	1.912777e-01	1.904272e-01	1.892692e-01	1.875648e-01	3.261915e-01	
1.786218e-01	1.744997e-01	1.747820e-01	1.765119e-01	1.776914e-01	1.785617e-01	1.793078e-01	1.800964e-01	1.811129e-01	1.826021e-01	3.222390e-01	
3.019176e-01	2.839089e-01	2.884367e-01	2.942367e-01	2.981848e-01	3.011333e-01	3.037264e-01	3.065432e-01	3.102277e-01	3.156328e-01	3.198932e-01	
1.658527e-01	2.815314e-01	1.620577e-01	1.637525e-01	1.649048e-01	1.657577e-01	1.664939e-01	1.672778e-01	1.682923e-01	1.697755e-01	1.699575e-01	
1.530358e-01	2.775252e-01	1.570277e-01	1.554860e-01	1.544349e-01	1.536268e-01	1.528746e-01	1.520099e-01	1.508458e-01	1.491392e-01	1.488709e-01	
2.569647e-01	2.751475e-01	2.707921e-01	2.652580e-01	2.614875e-01	2.586177e-01	2.559967e-01	2.530382e-01	2.490910e-01	2.432933e-01	2.387605e-01	
1.401221e-01	1.442750e-01	1.440733e-01	1.425327e-01	1.414810e-01	1.406760e-01	1.399316e-01	1.390806e-01	1.379374e-01	1.362563e-01	2.363619e-01	
1.271885e-01	1.229959e-01	1.232496e-01	1.249310e-01	1.260814e-01	1.269435e-01	1.277032e-01	1.285281e-01	1.296054e-01	1.311848e-01	2.323201e-01	
2.116019e-01	1.932721e-01	1.977947e-01	2.035767e-01	2.075205e-01	2.104907e-01	2.131387e-01	2.160511e-01	2.198826e-01	2.255030e-01	2.299214e-01	
1.141890e-01	1.908612e-01	1.102556e-01	1.119226e-01	1.130690e-01	1.139354e-01	1.147020e-01	1.155320e-01	1.166096e-01	1.181793e-01	1.183850e-01	
1.012002e-01	1.867990e-01	1.051485e-01	1.035455e-01	1.024818e-01	1.016897e-01	1.009660e-01	1.001300e-01	9.898762e-02	9.729522e-02	9.702625e-02	
1.660450e-01	1.843881e-01	1.798793e-01	1.742096e-01	1.704113e-01	1.675716e-01	1.649987e-01	1.620754e-01	1.581298e-01	1.522933e-01	1.477296e-01	
8.803971e-02	9.213086e-02	9.186533e-02	9.038053e-02	8.943619e-02	8.875139e-02	8.811178e-02	8.732519e-02	8.617901e-02	8.439304e-02	1.453160e-01	
7.478358e-02	7.022704e-02	7.046094e-02	7.246525e-02	7.396947e-02	7.515760e-02	7.617659e-02	7.715460e-02	7.822128e-02	7.952961e-02	1.412491e-01	
1.195504e-01	1.000342e-01	1.048436e-01	1.114278e-01	1.162078e-01	1.199298e-01	1.231676e-01	1.264265e-01	1.302334e-01	1.352338e-01	1.388356e-01	
6.273573e-02	9.746813e-02	5.644911e-02	5.922782e-02	6.127545e-02	6.287025e-02	6.425768e-02	6.565418e-02	6.728557e-02	6.941424e-02	6.886392e-02	
5.196932e-02	9.314410e-02	4.987339e-02	5.070729e-02	5.139079e-02	5.192400e-02	5.238791e-02	5.285486e-02	5.340036e-02	5.410732e-02	5.359951e-02	
8.176073e-02	9.057749e-02	8.175194e-02	8.156035e-02	8.156124e-02	8.156363e-02	8.156573e-02	8.156785e-02	8.157034e-02	8.157496e-02	8.164157e-02	
