1.946213e-01	1.946527e-01	1.946721e-01	1.946736e-01	1.946743e-01	1.946749e-01	1.946755e-01	1.946761e-01	1.946760e-01	1.946237e-01	1.927219e-01	
1.099495e-01	1.096183e-01	1.095248e-01	1.096908e-01	1.098158e-01	1.099181e-01	1.100136e-01	1.101177e-01	1.102468e-01	1.103947e-01	1.922010e-01	
1.077134e-01	1.064490e-01	1.063684e-01	1.068675e-01	1.072414e-01	1.075472e-01	1.078330e-01	1.081441e-01	1.085312e-01	1.090486e-01	1.913233e-01	
1.867706e-01	1.827573e-01	1.836045e-01	1.847768e-01	1.856497e-01	1.863634e-01	1.870306e-01	1.877570e-01	1.886610e-01	1.898952e-01	1.908023e-01	
1.051826e-01	1.822447e-01	1.042670e-01	1.046090e-01	1.048739e-01	1.050955e-01	1.053012e-01	1.055171e-01	1.057727e-01	1.061040e-01	1.061189e-01	
1.023695e-01	1.813809e-01	1.032324e-01	1.029190e-01	1.027174e-01	1.025674e-01	1.024229e-01	1.022417e-01	1.019765e-01	1.015653e-01	1.014727e-01	
1.769014e-01	1.808681e-01	1.799745e-01	1.788506e-01	1.780887e-01	1.775006e-01	1.769407e-01	1.762753e-01	1.753545e-01	1.739803e-01	1.729046e-01	
9.951432e-02	1.004146e-01	1.003931e-01	1.001162e-01	9.992850e-02	9.977817e-02	9.962418e-02	9.942836e-02	9.914765e-02	9.872456e-02	1.723695e-01	
9.663051e-02	9.567201e-02	9.575690e-02	9.620599e-02	9.651242e-02	9.673279e-02	9.691002e-02	9.708210e-02	9.729105e-02	9.759218e-02	1.714677e-01	
1.667839e-01	1.626124e-01	1.637177e-01	1.651441e-01	1.661139e-01	1.668247e-01	1.674254e-01	1.680492e-01	1.688442e-01	1.700069e-01	1.709324e-01	
9.368063e-02	1.620557e-01	9.284528e-02	9.328260e-02	9.357902e-02	9.379060e-02	9.395897e-02	9.412133e-02	9.431897e-02	9.460602e-02	9.462539e-02	
9.067885e-02	1.611176e-01	9.166920e-02	9.135131e-02	9.113353e-02	9.095687e-02	9.077633e-02	9.055135e-02	9.023677e-02	8.977407e-02	8.968647e-02	
1.562525e-01	1.605608e-01	1.595910e-01	1.583718e-01	1.575398e-01	1.568902e-01	1.562683e-01	1.555348e-01	1.545349e-01	1.530637e-01	1.519228e-01	
8.761495e-02	8.859629e-02	8.857273e-02	8.826691e-02	8.805712e-02	8.788672e-02	8.771234e-02	8.749493e-02	8.719105e-02	8.674254e-02	1.513457e-01	
8.450363e-02	8.347723e-02	8.356434e-02	8.403496e-02	8.435529e-02	8.458565e-02	8.477248e-02	8.495753e-02	8.518724e-02	8.552266e-02	1.503732e-01	
1.453368e-01	1.408581e-01	1.420290e-01	1.435376e-01	1.445633e-01	1.453179e-01	1.459617e-01	1.466385e-01	1.475083e-01	1.487832e-01	1.497959e-01	
8.133376e-02	1.402621e-01	8.042450e-02	8.088142e-02	8.119123e-02	8.141408e-02	8.159496e-02	8.177430e-02	8.199709e-02	8.232202e-02	8.234985e-02	
7.812057e-02	1.392577e-01	7.916467e-02	7.881190e-02	7.857055e-02	7.837766e-02	7.818546e-02	7.795094e-02	7.762632e-02	7.714954e-02	7.706314e-02	
1.340637e-01	1.386615e-01	1.376084e-01	1.362806e-01	1.353750e-01	1.346728e-01	1.340092e-01	1.332358e-01	1.321875e-01	1.306459e-01	1.294480e-01	
7.485293e-02	7.590095e-02	7.586883e-02	7.552544e-02	7.529016e-02	7.510235e-02	7.491556e-02	7.468802e-02	7.437329e-02	7.390928e-02	1.288347e-01	
7.154652e-02	7.046088e-02	7.054630e-02	7.102790e-02	7.135590e-02	7.159397e-02	7.179109e-02	7.199135e-02	7.224375e-02	7.261291e-02	1.278011e-01	
1.224636e-01	1.177233e-01	1.189449e-01	1.205154e-01	1.215836e-01	1.223737e-01	1.230554e-01	1.237810e-01	1.247201e-01	1.260971e-01	1.271877e-01	
6.818992e-02	1.170943e-01	6.721442e-02	6.768430e-02	6.800321e-02	6.823491e-02	6.842717e-02	6.862294e-02	6.887003e-02	6.923082e-02	6.926709e-02	
6.479919e-02	1.160344e-01	6.588500e-02	6.550057e-02	6.523801e-02	6.503113e-02	6.482976e-02	6.458879e-02	6.425811e-02	6.377269e-02	6.368833e-02	
1.105676e-01	1.154053e-01	1.142801e-01	1.128579e-01	1.118885e-01	1.111419e-01	1.104442e-01	1.096394e-01	1.085539e-01	1.069581e-01	1.057155e-01	
6.136215e-02	6.246528e-02	6.242491e-02	6.204826e-02	6.179081e-02	6.158839e-02	6.139175e-02	6.115664e-02	6.083401e-02	6.035858e-02	1.050726e-01	
5.789523e-02	5.676101e-02	5.684418e-02	5.733350e-02	5.766772e-02	5.791277e-02	5.811921e-02	5.833256e-02	5.860376e-02	5.900042e-02	1.039891e-01	
9.840430e-02	9.344984e-02	9.471118e-02	9.633124e-02	9.743515e-02	9.825650e-02	9.897129e-02	9.973796e-02	1.007333e-01	1.021924e-01	1.033461e-01	
5.438703e-02	9.279410e-02	5.335375e-02	5.383501e-02	5.416509e-02	5.440872e-02	5.461415e-02	5.482503e-02	5.509069e-02	5.547670e-02	5.551709e-02	
5.085430e-02	9.168911e-02	5.196560e-02	5.155892e-02	5.128907e-02	5.108241e-02	5.088278e-02	5.064026e-02	5.030104e-02	4.979777e-02	4.970763e-02	
8.601004e-02	9.103330e-02	8.984023e-02	8.834984e-02	8.735155e-02	8.659504e-02	8.589045e-02	8.506836e-02	8.394411e-02	8.227909e-02	8.098335e-02	
4.724767e-02	4.836506e-02	4.830809e-02	4.794163e-02	4.771021e-02	4.753736e-02	4.736472e-02	4.713980e-02	4.680427e-02	4.628083e-02	8.031637e-02	
4.358408e-02	4.231039e-02	4.239161e-02	4.298950e-02	4.343480e-02	4.377985e-02	4.406625e-02	4.432991e-02	4.460672e-02	4.493826e-02	7.919244e-02	
7.315688e-02	6.770970e-02	6.909368e-02	7.099102e-02	7.236424e-02	7.342261e-02	7.432665e-02	7.521676e-02	7.623835e-02	7.756847e-02	7.852540e-02	
4.023722e-02	6.698910e-02	3.850113e-02	3.930219e-02	3.989019e-02	4.034349e-02	4.073071e-02	4.111196e-02	4.154954e-02	4.211536e-02	4.194699e-02	
3.722396e-02	6.577474e-02	3.664537e-02	3.688663e-02	3.708285e-02	3.723435e-02	3.736378e-02	3.749121e-02	3.763748e-02	3.782527e-02	3.767968e-02	
6.257769e-02	6.505390e-02	6.257527e-02	6.252149e-02	6.252176e-02	6.252244e-02	6.252303e-02	6.252361e-02	6.252427e-02	6.252552e-02	6.254423e-02	
