6.152315e-01	6.153661e-01	6.154492e-01	6.154555e-01	6.154587e-01	6.154612e-01	6.154635e-01	6.154661e-01	6.154660e-01	6.152415e-01	6.070932e-01	
3.464024e-01	3.449825e-01	3.445795e-01	3.452868e-01	3.458202e-01	3.462574e-01	3.466673e-01	3.471149e-01	3.476709e-01	3.483085e-01	6.048612e-01	
3.368212e-01	3.314042e-01	3.310512e-01	3.331772e-01	3.347716e-01	3.360782e-01	3.373035e-01	3.386414e-01	3.403079e-01	3.425352e-01	6.011002e-01	
5.816051e-01	5.644258e-01	5.680315e-01	5.730214e-01	5.767413e-01	5.797899e-01	5.826487e-01	5.857699e-01	5.896596e-01	5.949693e-01	5.988679e-01	
3.259807e-01	5.622338e-01	3.220407e-01	3.234876e-01	3.246108e-01	3.255551e-01	3.264379e-01	3.273715e-01	3.284811e-01	3.299216e-01	3.299926e-01	
3.139498e-01	5.585397e-01	3.176116e-01	3.162481e-01	3.153705e-01	3.147224e-01	3.141066e-01	3.133435e-01	3.122314e-01	3.105055e-01	3.101228e-01	
5.394124e-01	5.563471e-01	5.524972e-01	5.476456e-01	5.443566e-01	5.418271e-01	5.394362e-01	5.366140e-01	5.327206e-01	5.269112e-01	5.223591e-01	
3.017549e-01	3.056016e-01	3.054949e-01	3.042731e-01	3.034446e-01	3.027886e-01	3.021291e-01	3.013029e-01	3.001257e-01	2.983519e-01	5.200797e-01	
2.894713e-01	2.854020e-01	2.857418e-01	2.876022e-01	2.888727e-01	2.897929e-01	2.905447e-01	2.912890e-01	2.922036e-01	2.935229e-01	5.162385e-01	
4.963327e-01	4.786236e-01	4.832585e-01	4.892310e-01	4.932940e-01	4.962861e-01	4.988386e-01	5.015175e-01	5.049510e-01	5.099727e-01	5.139586e-01	
2.769349e-01	4.762664e-01	2.733406e-01	2.751505e-01	2.763785e-01	2.772630e-01	2.779813e-01	2.786920e-01	2.795710e-01	2.808486e-01	2.809533e-01	
2.642239e-01	4.722941e-01	2.683549e-01	2.669583e-01	2.660026e-01	2.652394e-01	2.644797e-01	2.635528e-01	2.622690e-01	2.603823e-01	2.600407e-01	
4.517538e-01	4.699365e-01	4.657704e-01	4.605148e-01	4.569287e-01	4.541492e-01	4.515242e-01	4.484668e-01	4.443245e-01	4.382333e-01	4.335001e-01	
2.512914e-01	2.554382e-01	2.553089e-01	2.539419e-01	2.530050e-01	2.522587e-01	2.515191e-01	2.506209e-01	2.493801e-01	2.475510e-01	4.310751e-01	
2.382177e-01	2.339292e-01	2.342581e-01	2.361432e-01	2.374275e-01	2.383624e-01	2.391413e-01	2.399380e-01	2.409457e-01	2.424193e-01	4.269886e-01	
4.059024e-01	3.871834e-01	3.919817e-01	3.981470e-01	4.023418e-01	4.054516e-01	4.081454e-01	4.110248e-01	4.147589e-01	4.202330e-01	4.245632e-01	
2.249523e-01	3.847024e-01	2.210754e-01	2.229083e-01	2.241529e-01	2.250613e-01	2.258225e-01	2.266066e-01	2.276025e-01	2.290567e-01	2.292103e-01	
2.115772e-01	3.805217e-01	2.158255e-01	2.142794e-01	2.132233e-01	2.123975e-01	2.116051e-01	2.106691e-01	2.093928e-01	2.075203e-01	2.072053e-01	
3.589935e-01	3.780404e-01	3.735667e-01	3.678994e-01	3.640351e-01	3.610700e-01	3.583216e-01	3.551760e-01	3.509505e-01	3.447416e-01	3.399010e-01	
1.980425e-01	2.023905e-01	2.022130e-01	2.006783e-01	1.996282e-01	1.988104e-01	1.980318e-01	1.971182e-01	1.958763e-01	1.940485e-01	3.373762e-01	
1.844312e-01	1.799969e-01	1.802965e-01	1.821476e-01	1.834101e-01	1.843428e-01	1.851452e-01	1.859963e-01	1.870955e-01	1.887062e-01	3.331217e-01	
3.112559e-01	2.918823e-01	2.967422e-01	3.029656e-01	3.072021e-01	3.103689e-01	3.131588e-01	3.161949e-01	3.201702e-01	3.260019e-01	3.305966e-01	
1.706927e-01	2.893257e-01	1.666016e-01	1.684161e-01	1.696499e-01	1.705648e-01	1.713574e-01	1.722046e-01	1.733032e-01	1.749098e-01	1.751099e-01	
1.569108e-01	2.850178e-01	1.611925e-01	1.595261e-01	1.583903e-01	1.575189e-01	1.567110e-01	1.557856e-01	1.545420e-01	1.527192e-01	1.524356e-01	
2.629190e-01	2.824612e-01	2.777681e-01	2.718022e-01	2.677378e-01	2.646474e-01	2.618306e-01	2.586573e-01	2.544276e-01	2.482155e-01	2.433570e-01	
1.430322e-01	1.474962e-01	1.472747e-01	1.456071e-01	1.444688e-01	1.435995e-01	1.427990e-01	1.418874e-01	1.406653e-01	1.388685e-01	2.407807e-01	
1.291409e-01	1.246415e-01	1.249087e-01	1.267011e-01	1.279276e-01	1.288487e-01	1.296637e-01	1.305523e-01	1.317156e-01	1.334212e-01	2.364397e-01	
2.141981e-01	1.945252e-01	1.993658e-01	2.055516e-01	2.097713e-01	2.129526e-01	2.157950e-01	2.189279e-01	2.230541e-01	2.291071e-01	2.338633e-01	
1.151872e-01	1.919392e-01	1.109554e-01	1.127339e-01	1.139574e-01	1.148840e-01	1.157074e-01	1.166027e-01	1.177681e-01	1.194659e-01	1.196920e-01	
1.012543e-01	1.875817e-01	1.054769e-01	1.037474e-01	1.025998e-01	1.017472e-01	1.009718e-01	1.000802e-01	9.886445e-02	9.706360e-02	9.678080e-02	
1.653306e-01	1.849956e-01	1.801478e-01	1.740487e-01	1.699626e-01	1.669112e-01	1.641529e-01	1.610263e-01	1.568110e-01	1.505763e-01	1.456992e-01	
8.714649e-02	9.153338e-02	9.124345e-02	8.963827e-02	8.861681e-02	8.787778e-02	8.719125e-02	8.635118e-02	8.512966e-02	8.322648e-02	1.431136e-01	
7.294629e-02	6.806999e-02	6.831512e-02	7.044769e-02	7.204927e-02	7.331649e-02	7.440647e-02	7.545630e-02	7.660489e-02	7.801629e-02	1.387571e-01	
1.155256e-01	9.463699e-02	9.977107e-02	1.067988e-01	1.119022e-01	1.158795e-01	1.193449e-01	1.228392e-01	1.269273e-01	1.323008e-01	1.361716e-01	
6.004625e-02	9.189191e-02	5.331156e-02	5.627732e-02	5.846351e-02	6.016775e-02	6.165272e-02	6.315019e-02	6.490209e-02	6.718971e-02	6.660555e-02	
4.852545e-02	8.726622e-02	4.628009e-02	4.716983e-02	4.789960e-02	4.846941e-02	4.896594e-02	4.946667e-02	5.005248e-02	5.081226e-02	5.027002e-02	
7.508878e-02	8.452058e-02	7.507936e-02	7.487439e-02	7.487534e-02	7.487789e-02	7.488014e-02	7.488241e-02	7.488508e-02	7.489005e-02	7.496131e-02	
