6.613001e-01	6.614503e-01	6.615431e-01	6.615501e-01	6.615536e-01	6.615564e-01	6.615591e-01	6.615619e-01	6.615618e-01	6.613114e-01	6.522209e-01	
3.721594e-01	3.705751e-01	3.701249e-01	3.709130e-01	3.715076e-01	3.719951e-01	3.724526e-01	3.729523e-01	3.735734e-01	3.742856e-01	6.497308e-01	
3.614704e-01	3.554271e-01	3.550316e-01	3.574003e-01	3.591771e-01	3.606341e-01	3.620013e-01	3.634949e-01	3.653560e-01	3.678434e-01	6.455349e-01	
6.237886e-01	6.046269e-01	6.086437e-01	6.142027e-01	6.183478e-01	6.217467e-01	6.249360e-01	6.284202e-01	6.327635e-01	6.386923e-01	6.430446e-01	
3.493773e-01	6.021824e-01	3.449777e-01	3.465874e-01	3.478377e-01	3.488899e-01	3.498752e-01	3.509187e-01	3.521602e-01	3.537722e-01	3.538530e-01	
3.359607e-01	5.980629e-01	3.400375e-01	3.385114e-01	3.375291e-01	3.368046e-01	3.361185e-01	3.352704e-01	3.340354e-01	3.321185e-01	3.316949e-01	
5.767397e-01	5.956178e-01	5.913179e-01	5.858970e-01	5.822219e-01	5.793977e-01	5.767323e-01	5.735906e-01	5.692592e-01	5.627965e-01	5.577313e-01	
3.223649e-01	3.266540e-01	3.265315e-01	3.251600e-01	3.242302e-01	3.234954e-01	3.227598e-01	3.218411e-01	3.205338e-01	3.185641e-01	5.551915e-01	
3.086781e-01	3.041470e-01	3.045207e-01	3.065815e-01	3.079889e-01	3.090100e-01	3.098470e-01	3.106789e-01	3.117037e-01	3.131822e-01	5.509115e-01	
5.287419e-01	5.090231e-01	5.141710e-01	5.208024e-01	5.253141e-01	5.286398e-01	5.314825e-01	5.344723e-01	5.383089e-01	5.439200e-01	5.483712e-01	
2.947163e-01	5.063998e-01	2.907033e-01	2.927078e-01	2.940682e-01	2.950499e-01	2.958505e-01	2.966468e-01	2.976347e-01	2.990707e-01	2.991923e-01	
2.805702e-01	5.019791e-01	2.851535e-01	2.835880e-01	2.825169e-01	2.816642e-01	2.808197e-01	2.797940e-01	2.783762e-01	2.762925e-01	2.759189e-01	
4.791329e-01	4.993552e-01	4.947058e-01	4.888364e-01	4.848316e-01	4.817320e-01	4.788126e-01	4.754207e-01	4.708308e-01	4.640821e-01	4.588357e-01	
2.661870e-01	2.707999e-01	2.706496e-01	2.691126e-01	2.680594e-01	2.672234e-01	2.664001e-01	2.654055e-01	2.640347e-01	2.620143e-01	4.561410e-01	
2.516591e-01	2.468987e-01	2.472565e-01	2.493316e-01	2.507456e-01	2.517774e-01	2.526415e-01	2.535309e-01	2.546598e-01	2.563109e-01	4.516000e-01	
4.281843e-01	4.074041e-01	4.127110e-01	4.195261e-01	4.241634e-01	4.276062e-01	4.305972e-01	4.338043e-01	4.379701e-01	4.440775e-01	4.489048e-01	
2.369300e-01	4.046520e-01	2.326105e-01	2.346294e-01	2.360005e-01	2.370041e-01	2.378501e-01	2.387276e-01	2.398466e-01	2.414808e-01	2.416590e-01	
2.220934e-01	4.000144e-01	2.267862e-01	2.250556e-01	2.238738e-01	2.229532e-01	2.220758e-01	2.210456e-01	2.196449e-01	2.175903e-01	2.172496e-01	
3.761517e-01	3.972620e-01	3.922819e-01	3.859679e-01	3.816628e-01	3.783655e-01	3.753196e-01	3.718448e-01	3.671846e-01	3.603377e-01	3.549964e-01	
2.070934e-01	2.119135e-01	2.117081e-01	2.099856e-01	2.088071e-01	2.078931e-01	2.070292e-01	2.060224e-01	2.046580e-01	2.026506e-01	3.522011e-01	
1.920241e-01	1.871214e-01	1.874436e-01	1.894684e-01	1.908496e-01	1.918734e-01	1.927599e-01	1.937072e-01	1.949353e-01	1.967354e-01	3.474909e-01	
3.233024e-01	3.018790e-01	3.072291e-01	3.140754e-01	3.187365e-01	3.222268e-01	3.253124e-01	3.286825e-01	3.331034e-01	3.395894e-01	3.446954e-01	
1.768293e-01	2.990545e-01	1.722870e-01	1.742743e-01	1.756261e-01	1.766319e-01	1.775094e-01	1.784547e-01	1.796855e-01	1.814856e-01	1.817162e-01	
1.616029e-01	2.942952e-01	1.663105e-01	1.644517e-01	1.631851e-01	1.622172e-01	1.613264e-01	1.603135e-01	1.589569e-01	1.569690e-01	1.566656e-01	
2.699006e-01	2.914705e-01	2.862656e-01	2.796434e-01	2.751323e-01	2.717089e-01	2.686001e-01	2.651108e-01	2.604684e-01	2.536509e-01	2.483149e-01	
1.462861e-01	1.512143e-01	1.509601e-01	1.490955e-01	1.478229e-01	1.468550e-01	1.459705e-01	1.449708e-01	1.436354e-01	1.416726e-01	2.454748e-01	
1.309722e-01	1.260191e-01	1.263034e-01	1.282528e-01	1.295871e-01	1.305928e-01	1.314893e-01	1.324742e-01	1.337686e-01	1.356672e-01	2.406892e-01	
2.161907e-01	1.945303e-01	1.998344e-01	2.066071e-01	2.112277e-01	2.147179e-01	2.178478e-01	2.213108e-01	2.258806e-01	2.325852e-01	2.378490e-01	
1.156061e-01	1.916858e-01	1.109278e-01	1.128659e-01	1.141997e-01	1.152136e-01	1.161212e-01	1.171157e-01	1.184154e-01	1.203096e-01	1.205685e-01	
1.002802e-01	1.868926e-01	1.049017e-01	1.029812e-01	1.017069e-01	1.007637e-01	9.991255e-02	9.894135e-02	9.762170e-02	9.566732e-02	9.536652e-02	
1.624374e-01	1.840480e-01	1.786955e-01	1.719555e-01	1.674401e-01	1.640743e-01	1.610432e-01	1.576204e-01	1.530144e-01	1.462026e-01	1.408701e-01	
8.477926e-02	8.960165e-02	8.927370e-02	8.748624e-02	8.634781e-02	8.552710e-02	8.477128e-02	8.385386e-02	8.252438e-02	8.045317e-02	1.380323e-01	
6.919392e-02	6.384997e-02	6.410999e-02	6.642598e-02	6.816710e-02	6.954844e-02	7.074197e-02	7.189790e-02	7.316863e-02	7.473455e-02	1.332507e-01	
1.077740e-01	8.487652e-02	9.048216e-02	9.815342e-02	1.037261e-01	1.080749e-01	1.118731e-01	1.157140e-01	1.202175e-01	1.261435e-01	1.304130e-01	
5.504610e-02	8.186978e-02	4.765429e-02	5.089121e-02	5.327839e-02	5.514179e-02	5.676936e-02	5.841533e-02	6.034527e-02	6.286821e-02	6.223611e-02	
4.242221e-02	7.680322e-02	3.995778e-02	4.092835e-02	4.172518e-02	4.234820e-02	4.289241e-02	4.344279e-02	4.408814e-02	4.492610e-02	4.433394e-02	
6.346521e-02	7.379591e-02	6.345487e-02	6.323035e-02	6.323138e-02	6.323417e-02	6.323663e-02	6.323913e-02	6.324207e-02	6.324754e-02	6.332559e-02	
