3.295657e-01	3.296232e-01	3.296588e-01	3.296615e-01	3.296628e-01	3.296639e-01	3.296649e-01	3.296660e-01	3.296660e-01	3.295700e-01	3.260864e-01	
1.860413e-01	1.854345e-01	1.852629e-01	1.855665e-01	1.857953e-01	1.859825e-01	1.861576e-01	1.863484e-01	1.865852e-01	1.868566e-01	3.251321e-01	
1.819451e-01	1.796290e-01	1.794804e-01	1.803933e-01	1.810773e-01	1.816370e-01	1.821606e-01	1.827311e-01	1.834411e-01	1.843901e-01	3.235242e-01	
3.151858e-01	3.078361e-01	3.093852e-01	3.115287e-01	3.131253e-01	3.144317e-01	3.156538e-01	3.169855e-01	3.186435e-01	3.209069e-01	3.225699e-01	
1.773095e-01	3.068976e-01	1.756302e-01	1.762546e-01	1.767385e-01	1.771438e-01	1.775207e-01	1.779173e-01	1.783871e-01	1.789964e-01	1.790246e-01	
1.721590e-01	3.053161e-01	1.737354e-01	1.731589e-01	1.727880e-01	1.725127e-01	1.722483e-01	1.719180e-01	1.714350e-01	1.706860e-01	1.705179e-01	
2.971181e-01	3.043773e-01	3.027378e-01	3.006747e-01	2.992763e-01	2.981978e-01	2.971730e-01	2.959576e-01	2.942770e-01	2.917689e-01	2.898051e-01	
1.669333e-01	1.685812e-01	1.685401e-01	1.680287e-01	1.676820e-01	1.674052e-01	1.671232e-01	1.667660e-01	1.662548e-01	1.654843e-01	2.888264e-01	
1.616591e-01	1.599077e-01	1.600604e-01	1.608756e-01	1.614319e-01	1.618328e-01	1.621565e-01	1.624726e-01	1.628576e-01	1.634127e-01	2.871771e-01	
2.786163e-01	2.709942e-01	2.730070e-01	2.756036e-01	2.773692e-01	2.786650e-01	2.797628e-01	2.809062e-01	2.823658e-01	2.845004e-01	2.861982e-01	
1.562676e-01	2.699778e-01	1.547355e-01	1.555291e-01	1.560671e-01	1.564521e-01	1.567602e-01	1.570594e-01	1.574252e-01	1.579567e-01	1.579947e-01	
1.507865e-01	2.682649e-01	1.525874e-01	1.520010e-01	1.515994e-01	1.512751e-01	1.509460e-01	1.505382e-01	1.499695e-01	1.491332e-01	1.489767e-01	
2.593887e-01	2.672482e-01	2.654703e-01	2.632332e-01	2.617066e-01	2.605171e-01	2.593825e-01	2.580489e-01	2.562340e-01	2.535641e-01	2.514925e-01	
1.451970e-01	1.469878e-01	1.469413e-01	1.463744e-01	1.459856e-01	1.456715e-01	1.453530e-01	1.449586e-01	1.444092e-01	1.435985e-01	2.504410e-01	
1.395279e-01	1.376606e-01	1.378149e-01	1.386615e-01	1.392378e-01	1.396537e-01	1.399933e-01	1.403328e-01	1.407564e-01	1.413751e-01	2.486689e-01	
2.395013e-01	2.313526e-01	2.334717e-01	2.361999e-01	2.380551e-01	2.394229e-01	2.405945e-01	2.418319e-01	2.434262e-01	2.457631e-01	2.476172e-01	
1.337585e-01	2.302694e-01	1.320951e-01	1.329173e-01	1.334750e-01	1.338778e-01	1.342075e-01	1.345379e-01	1.349509e-01	1.355535e-01	1.356085e-01	
1.279188e-01	2.284440e-01	1.298048e-01	1.291544e-01	1.287097e-01	1.283564e-01	1.280080e-01	1.275865e-01	1.270055e-01	1.261523e-01	1.260006e-01	
2.190154e-01	2.273606e-01	2.254359e-01	2.230061e-01	2.213489e-01	2.200678e-01	2.188634e-01	2.174665e-01	2.155778e-01	2.128008e-01	2.106410e-01	
1.219881e-01	1.238911e-01	1.238275e-01	1.231909e-01	1.227549e-01	1.224093e-01	1.220696e-01	1.216601e-01	1.210962e-01	1.202653e-01	2.095297e-01	
1.159971e-01	1.140341e-01	1.141827e-01	1.150396e-01	1.156235e-01	1.160492e-01	1.164053e-01	1.167713e-01	1.172359e-01	1.179156e-01	2.076570e-01	
1.979985e-01	1.894260e-01	1.916194e-01	1.944362e-01	1.963524e-01	1.977739e-01	1.990071e-01	2.003278e-01	2.020424e-01	2.045568e-01	2.065456e-01	
1.099245e-01	1.882902e-01	1.081480e-01	1.089850e-01	1.095534e-01	1.099686e-01	1.103171e-01	1.106768e-01	1.111342e-01	1.118025e-01	1.118743e-01	
1.038018e-01	1.863764e-01	1.057467e-01	1.050401e-01	1.045577e-01	1.041805e-01	1.038182e-01	1.033895e-01	1.028044e-01	1.019459e-01	1.018006e-01	
1.765193e-01	1.852405e-01	1.831943e-01	1.806040e-01	1.788386e-01	1.774837e-01	1.762262e-01	1.747847e-01	1.728464e-01	1.699976e-01	1.677769e-01	
9.760632e-02	9.959592e-02	9.951613e-02	9.881960e-02	9.834369e-02	9.797258e-02	9.761735e-02	9.719809e-02	9.662621e-02	9.578398e-02	1.666203e-01	
9.136999e-02	8.933517e-02	8.947684e-02	9.033681e-02	9.092447e-02	9.135796e-02	9.172784e-02	9.211569e-02	9.261273e-02	9.334023e-02	1.646714e-01	
1.546417e-01	1.457511e-01	1.479943e-01	1.508717e-01	1.528330e-01	1.542972e-01	1.555804e-01	1.569668e-01	1.587739e-01	1.614234e-01	1.635148e-01	
8.507177e-02	1.445765e-01	8.320204e-02	8.404970e-02	8.463152e-02	8.506380e-02	8.543336e-02	8.581876e-02	8.630880e-02	8.702137e-02	8.710176e-02	
7.874380e-02	1.425973e-01	8.071506e-02	7.997145e-02	7.947803e-02	7.910331e-02	7.874716e-02	7.832058e-02	7.772768e-02	7.684841e-02	7.669574e-02	
1.324425e-01	1.414226e-01	1.392684e-01	1.365720e-01	1.347658e-01	1.334025e-01	1.321429e-01	1.306843e-01	1.286970e-01	1.257546e-01	1.234618e-01	
7.229750e-02	7.429661e-02	7.418667e-02	7.351092e-02	7.308323e-02	7.276669e-02	7.245677e-02	7.205956e-02	7.147084e-02	7.055272e-02	1.222725e-01	
6.576518e-02	6.350149e-02	6.363786e-02	6.468153e-02	6.546045e-02	6.606719e-02	6.657542e-02	6.704892e-02	6.755163e-02	6.815808e-02	1.202685e-01	
1.095266e-01	9.984134e-02	1.022811e-01	1.056246e-01	1.080465e-01	1.099185e-01	1.115257e-01	1.131182e-01	1.149553e-01	1.173533e-01	1.190792e-01	
5.980636e-02	9.856229e-02	5.671016e-02	5.812161e-02	5.915879e-02	5.996066e-02	6.064915e-02	6.133134e-02	6.211833e-02	6.313865e-02	6.284673e-02	
5.445284e-02	9.640690e-02	5.342085e-02	5.384553e-02	5.419166e-02	5.445970e-02	5.468985e-02	5.491790e-02	5.518098e-02	5.551968e-02	5.526277e-02	
9.073244e-02	9.512747e-02	9.072812e-02	9.063266e-02	9.063312e-02	9.063433e-02	9.063537e-02	9.063640e-02	9.063760e-02	9.063985e-02	9.067304e-02	
