4.162482e-01	4.163259e-01	4.163739e-01	4.163775e-01	4.163793e-01	4.163808e-01	4.163821e-01	4.163836e-01	4.163836e-01	4.162540e-01	4.115519e-01	
2.348089e-01	2.339898e-01	2.337579e-01	2.341672e-01	2.344757e-01	2.347282e-01	2.349647e-01	2.352224e-01	2.355424e-01	2.359092e-01	4.102639e-01	
2.292800e-01	2.261538e-01	2.259524e-01	2.271829e-01	2.281052e-01	2.288602e-01	2.295670e-01	2.303377e-01	2.312971e-01	2.325793e-01	4.080936e-01	
3.968402e-01	3.869219e-01	3.890097e-01	3.918987e-01	3.940512e-01	3.958133e-01	3.974629e-01	3.992615e-01	4.015014e-01	4.045592e-01	4.068054e-01	
2.230234e-01	3.856557e-01	2.207546e-01	2.215951e-01	2.222467e-01	2.227931e-01	2.233020e-01	2.238384e-01	2.244744e-01	2.252995e-01	2.253384e-01	
2.160743e-01	3.835219e-01	2.181976e-01	2.174168e-01	2.169144e-01	2.165421e-01	2.161857e-01	2.157415e-01	2.150927e-01	2.140862e-01	2.138612e-01	
3.724649e-01	3.822553e-01	3.800397e-01	3.772505e-01	3.753597e-01	3.739028e-01	3.725207e-01	3.708838e-01	3.686219e-01	3.652466e-01	3.626032e-01	
2.090257e-01	2.112486e-01	2.111913e-01	2.104966e-01	2.100255e-01	2.096504e-01	2.092697e-01	2.087892e-01	2.081025e-01	2.070675e-01	3.612840e-01	
2.019161e-01	1.995569e-01	1.997600e-01	2.008521e-01	2.015976e-01	2.021356e-01	2.025717e-01	2.029991e-01	2.035213e-01	2.042742e-01	3.590607e-01	
3.475264e-01	3.372593e-01	3.399632e-01	3.434502e-01	3.458216e-01	3.475638e-01	3.490429e-01	3.505870e-01	3.525606e-01	3.554469e-01	3.577411e-01	
1.946519e-01	3.358909e-01	1.925821e-01	1.936451e-01	1.943659e-01	1.948827e-01	1.952981e-01	1.957039e-01	1.962018e-01	1.969252e-01	1.969793e-01	
1.872730e-01	3.335849e-01	1.896894e-01	1.888935e-01	1.883486e-01	1.879100e-01	1.874675e-01	1.869219e-01	1.861625e-01	1.850459e-01	1.848390e-01	
3.216431e-01	3.322162e-01	3.298151e-01	3.267915e-01	3.247282e-01	3.231231e-01	3.215967e-01	3.198076e-01	3.173761e-01	3.137994e-01	3.110231e-01	
1.797533e-01	1.821631e-01	1.820967e-01	1.813242e-01	1.807946e-01	1.803686e-01	1.799396e-01	1.794116e-01	1.786778e-01	1.775955e-01	3.096099e-01	
1.721342e-01	1.696278e-01	1.698304e-01	1.709562e-01	1.717229e-01	1.722775e-01	1.727332e-01	1.731919e-01	1.737667e-01	1.746065e-01	3.072283e-01	
2.949172e-01	2.839785e-01	2.868108e-01	2.904550e-01	2.929335e-01	2.947638e-01	2.963370e-01	2.980046e-01	3.001575e-01	3.033133e-01	3.058148e-01	
1.643874e-01	2.825258e-01	1.621445e-01	1.632384e-01	1.639805e-01	1.645182e-01	1.649614e-01	1.654094e-01	1.659722e-01	1.667935e-01	1.668723e-01	
1.565554e-01	2.800776e-01	1.590721e-01	1.581898e-01	1.575866e-01	1.571098e-01	1.566435e-01	1.560835e-01	1.553139e-01	1.541842e-01	1.539865e-01	
2.674442e-01	2.786246e-01	2.760317e-01	2.727547e-01	2.705198e-01	2.687961e-01	2.671826e-01	2.653188e-01	2.628035e-01	2.591062e-01	2.562285e-01	
1.486100e-01	1.511603e-01	1.510694e-01	1.502019e-01	1.496079e-01	1.491397e-01	1.486841e-01	1.481392e-01	1.473917e-01	1.462908e-01	2.547417e-01	
1.405947e-01	1.379731e-01	1.381650e-01	1.392944e-01	1.400640e-01	1.406274e-01	1.411026e-01	1.415959e-01	1.422252e-01	1.431465e-01	2.522363e-01	
2.393283e-01	2.278778e-01	2.307901e-01	2.345270e-01	2.370697e-01	2.389603e-01	2.406080e-01	2.423813e-01	2.446895e-01	2.480749e-01	2.507493e-01	
1.324808e-01	2.263626e-01	1.300941e-01	1.311983e-01	1.319484e-01	1.324988e-01	1.329652e-01	1.334518e-01	1.340745e-01	1.349843e-01	1.350870e-01	
1.243123e-01	2.238093e-01	1.268898e-01	1.259334e-01	1.252809e-01	1.247736e-01	1.242916e-01	1.237268e-01	1.229595e-01	1.218338e-01	1.216479e-01	
2.106750e-01	2.222939e-01	2.195483e-01	2.160682e-01	2.136966e-01	2.118817e-01	2.102065e-01	2.082963e-01	2.057345e-01	2.019700e-01	1.990327e-01	
1.160590e-01	1.187107e-01	1.185967e-01	1.176495e-01	1.170024e-01	1.165012e-01	1.160271e-01	1.154736e-01	1.147224e-01	1.136166e-01	1.974946e-01	
1.077655e-01	1.050654e-01	1.052451e-01	1.063664e-01	1.071330e-01	1.077014e-01	1.081917e-01	1.087119e-01	1.093831e-01	1.103660e-01	1.949028e-01	
1.815826e-01	1.697829e-01	1.727378e-01	1.765238e-01	1.791050e-01	1.810377e-01	1.827413e-01	1.845932e-01	1.870147e-01	1.905656e-01	1.933646e-01	
9.940327e-02	1.682264e-01	9.690458e-02	9.801195e-02	9.877253e-02	9.934083e-02	9.983234e-02	1.003516e-01	1.010167e-01	1.019844e-01	1.020998e-01	
9.101737e-02	1.656035e-01	9.360829e-02	9.260605e-02	9.194103e-02	9.143942e-02	9.096903e-02	9.041241e-02	8.964301e-02	8.850240e-02	8.830980e-02	
1.521659e-01	1.640469e-01	1.611730e-01	1.575702e-01	1.551567e-01	1.533410e-01	1.516744e-01	1.497570e-01	1.471525e-01	1.432978e-01	1.402905e-01	
8.249022e-02	8.513679e-02	8.498237e-02	8.406544e-02	8.348409e-02	8.305693e-02	8.264545e-02	8.212535e-02	8.135880e-02	8.016369e-02	1.387205e-01	
7.386682e-02	7.088665e-02	7.105728e-02	7.241013e-02	7.342163e-02	7.421314e-02	7.488135e-02	7.551018e-02	7.618402e-02	7.700162e-02	1.360750e-01	
1.219164e-01	1.091610e-01	1.123507e-01	1.167204e-01	1.198881e-01	1.223424e-01	1.244590e-01	1.265672e-01	1.290097e-01	1.322048e-01	1.345049e-01	
6.601024e-02	1.074790e-01	6.192214e-02	6.376665e-02	6.512332e-02	6.617476e-02	6.708151e-02	6.798474e-02	6.903119e-02	7.039088e-02	7.001474e-02	
5.896439e-02	1.046446e-01	5.760167e-02	5.815617e-02	5.860896e-02	5.896045e-02	5.926359e-02	5.956555e-02	5.991540e-02	6.036684e-02	6.003065e-02	
9.718265e-02	1.029622e-01	9.717694e-02	9.705138e-02	9.705199e-02	9.705356e-02	9.705494e-02	9.705631e-02	9.705790e-02	9.706088e-02	9.710454e-02	
