4.290937e-01	4.291746e-01	4.292246e-01	4.292284e-01	4.292303e-01	4.292318e-01	4.292332e-01	4.292347e-01	4.292347e-01	4.290997e-01	4.242022e-01	
2.420277e-01	2.411745e-01	2.409329e-01	2.413592e-01	2.416804e-01	2.419434e-01	2.421897e-01	2.424582e-01	2.427916e-01	2.431737e-01	4.228607e-01	
2.362690e-01	2.330129e-01	2.328029e-01	2.340843e-01	2.350448e-01	2.358311e-01	2.365674e-01	2.373702e-01	2.383696e-01	2.397053e-01	4.206002e-01	
4.088793e-01	3.985491e-01	4.007232e-01	4.037316e-01	4.059732e-01	4.078083e-01	4.095265e-01	4.114001e-01	4.137334e-01	4.169187e-01	4.192585e-01	
2.297524e-01	3.972304e-01	2.273890e-01	2.282640e-01	2.289425e-01	2.295115e-01	2.300416e-01	2.306004e-01	2.312632e-01	2.321230e-01	2.321636e-01	
2.225149e-01	3.950080e-01	2.247258e-01	2.239122e-01	2.233886e-01	2.230007e-01	2.226296e-01	2.221671e-01	2.214919e-01	2.204443e-01	2.202102e-01	
3.834929e-01	3.936889e-01	3.913808e-01	3.884750e-01	3.865051e-01	3.849875e-01	3.835481e-01	3.818437e-01	3.794889e-01	3.759749e-01	3.732227e-01	
2.151742e-01	2.174893e-01	2.174293e-01	2.167050e-01	2.162139e-01	2.158229e-01	2.154264e-01	2.149262e-01	2.142114e-01	2.131342e-01	3.718489e-01	
2.077706e-01	2.053141e-01	2.055251e-01	2.066613e-01	2.074370e-01	2.079969e-01	2.084509e-01	2.088963e-01	2.094405e-01	2.102253e-01	3.695337e-01	
3.575232e-01	3.468327e-01	3.496470e-01	3.532761e-01	3.557443e-01	3.575578e-01	3.590980e-01	3.607064e-01	3.627625e-01	3.657695e-01	3.681595e-01	
2.002065e-01	3.454080e-01	1.980503e-01	1.991562e-01	1.999062e-01	2.004441e-01	2.008767e-01	2.012996e-01	2.018188e-01	2.025733e-01	2.026301e-01	
1.925239e-01	3.430071e-01	1.950385e-01	1.942089e-01	1.936408e-01	1.931838e-01	1.927233e-01	1.921557e-01	1.913660e-01	1.902049e-01	1.899901e-01	
3.305751e-01	3.415821e-01	3.390810e-01	3.359311e-01	3.337816e-01	3.321098e-01	3.305208e-01	3.286591e-01	3.261293e-01	3.224083e-01	3.195197e-01	
1.846956e-01	1.872044e-01	1.871347e-01	1.863290e-01	1.857765e-01	1.853325e-01	1.848859e-01	1.843366e-01	1.835735e-01	1.824480e-01	3.180487e-01	
1.767650e-01	1.741566e-01	1.743667e-01	1.755367e-01	1.763335e-01	1.769101e-01	1.773843e-01	1.778621e-01	1.784613e-01	1.793368e-01	3.155697e-01	
3.027568e-01	2.913730e-01	2.943186e-01	2.981082e-01	3.006857e-01	3.025897e-01	3.042270e-01	3.059635e-01	3.082060e-01	3.114931e-01	3.140984e-01	
1.687025e-01	2.898613e-01	1.663668e-01	1.675036e-01	1.682750e-01	1.688340e-01	1.692955e-01	1.697624e-01	1.703494e-01	1.712061e-01	1.712888e-01	
1.605528e-01	2.873138e-01	1.631696e-01	1.622500e-01	1.616213e-01	1.611247e-01	1.606397e-01	1.600578e-01	1.592585e-01	1.580852e-01	1.578804e-01	
2.741699e-01	2.858019e-01	2.831019e-01	2.796892e-01	2.773617e-01	2.755672e-01	2.738886e-01	2.719507e-01	2.693362e-01	2.654932e-01	2.625018e-01	
1.522866e-01	1.549401e-01	1.548445e-01	1.539397e-01	1.533202e-01	1.528323e-01	1.523581e-01	1.517918e-01	1.510155e-01	1.498720e-01	2.609553e-01	
1.439493e-01	1.412231e-01	1.414217e-01	1.425937e-01	1.433924e-01	1.439775e-01	1.444716e-01	1.449852e-01	1.456411e-01	1.466012e-01	2.583492e-01	
2.449249e-01	2.330173e-01	2.360431e-01	2.399252e-01	2.425667e-01	2.445314e-01	2.462450e-01	2.480905e-01	2.504937e-01	2.540185e-01	2.568025e-01	
1.355111e-01	2.314419e-01	1.330269e-01	1.341730e-01	1.349517e-01	1.355234e-01	1.360085e-01	1.365155e-01	1.371649e-01	1.381138e-01	1.382217e-01	
1.270181e-01	2.287871e-01	1.296952e-01	1.286987e-01	1.280188e-01	1.274908e-01	1.269898e-01	1.264037e-01	1.256080e-01	1.244408e-01	1.242487e-01	
2.151336e-01	2.272116e-01	2.243544e-01	2.207322e-01	2.182638e-01	2.163757e-01	2.146343e-01	2.126502e-01	2.099904e-01	2.060821e-01	2.030321e-01	
1.184388e-01	1.211955e-01	1.210758e-01	1.200880e-01	1.194134e-01	1.188912e-01	1.183983e-01	1.178237e-01	1.170445e-01	1.158977e-01	2.014337e-01	
1.098200e-01	1.070150e-01	1.072003e-01	1.083621e-01	1.091564e-01	1.097458e-01	1.102551e-01	1.107964e-01	1.114955e-01	1.125195e-01	1.987403e-01	
1.849005e-01	1.726417e-01	1.757080e-01	1.796361e-01	1.823142e-01	1.843205e-01	1.860904e-01	1.880162e-01	1.905356e-01	1.942302e-01	1.971417e-01	
1.011320e-01	1.710250e-01	9.853336e-02	9.968101e-02	1.004693e-01	1.010589e-01	1.015697e-01	1.021103e-01	1.028036e-01	1.038125e-01	1.039339e-01	
9.242186e-02	1.683008e-01	9.510954e-02	9.406587e-02	9.337337e-02	9.285157e-02	9.236324e-02	9.178648e-02	9.098993e-02	8.980913e-02	8.961064e-02	
1.543467e-01	1.666840e-01	1.636959e-01	1.599491e-01	1.574391e-01	1.555517e-01	1.538212e-01	1.518321e-01	1.491316e-01	1.451349e-01	1.420163e-01	
8.356749e-02	8.631596e-02	8.615417e-02	8.519838e-02	8.459224e-02	8.414734e-02	8.371983e-02	8.318062e-02	8.238660e-02	8.114872e-02	1.403866e-01	
7.461597e-02	7.152371e-02	7.169933e-02	7.309967e-02	7.414698e-02	7.496710e-02	7.566030e-02	7.631365e-02	7.701476e-02	7.786620e-02	1.376403e-01	
1.229465e-01	1.097107e-01	1.130168e-01	1.175457e-01	1.208292e-01	1.233742e-01	1.255705e-01	1.277599e-01	1.302980e-01	1.336194e-01	1.360105e-01	
6.646201e-02	1.079657e-01	6.221824e-02	6.412993e-02	6.553621e-02	6.662652e-02	6.756744e-02	6.850546e-02	6.959293e-02	7.100639e-02	7.061742e-02	
5.915149e-02	1.050252e-01	5.773686e-02	5.831148e-02	5.878084e-02	5.914532e-02	5.945988e-02	5.977348e-02	6.013705e-02	6.060635e-02	6.025785e-02	
9.728396e-02	1.032798e-01	9.727803e-02	9.714777e-02	9.714840e-02	9.715004e-02	9.715146e-02	9.715288e-02	9.715454e-02	9.715763e-02	9.720293e-02	
