3.696629e-01	3.697295e-01	3.697705e-01	3.697737e-01	3.697752e-01	3.697765e-01	3.697776e-01	3.697789e-01	3.697788e-01	3.696679e-01	3.656422e-01	
2.086118e-01	2.079106e-01	2.077122e-01	2.080628e-01	2.083271e-01	2.085433e-01	2.087457e-01	2.089663e-01	2.092401e-01	2.095539e-01	3.645395e-01	
2.038782e-01	2.012017e-01	2.010297e-01	2.020840e-01	2.028741e-01	2.035206e-01	2.041258e-01	2.047853e-01	2.056062e-01	2.067033e-01	3.626814e-01	
3.530461e-01	3.445536e-01	3.463425e-01	3.488179e-01	3.506620e-01	3.521711e-01	3.535834e-01	3.551228e-01	3.570395e-01	3.596562e-01	3.615785e-01	
1.985214e-01	3.434693e-01	1.965800e-01	1.973007e-01	1.978593e-01	1.983273e-01	1.987630e-01	1.992217e-01	1.997654e-01	2.004706e-01	2.005034e-01	
1.925706e-01	3.416419e-01	1.943906e-01	1.937234e-01	1.932941e-01	1.929756e-01	1.926703e-01	1.922892e-01	1.917323e-01	1.908685e-01	1.906750e-01	
3.321716e-01	3.405573e-01	3.386617e-01	3.362758e-01	3.346585e-01	3.334117e-01	3.322280e-01	3.308248e-01	3.288853e-01	3.259908e-01	3.237243e-01	
1.865337e-01	1.884375e-01	1.883893e-01	1.877966e-01	1.873947e-01	1.870743e-01	1.867483e-01	1.863362e-01	1.857467e-01	1.848583e-01	3.225940e-01	
1.804425e-01	1.784205e-01	1.785957e-01	1.795345e-01	1.801753e-01	1.806374e-01	1.810111e-01	1.813767e-01	1.818226e-01	1.824655e-01	3.206892e-01	
3.108044e-01	3.020044e-01	3.043254e-01	3.073191e-01	3.093548e-01	3.108496e-01	3.121172e-01	3.134388e-01	3.151269e-01	3.175956e-01	3.195586e-01	
1.742171e-01	3.008312e-01	1.724459e-01	1.733598e-01	1.739795e-01	1.744233e-01	1.747791e-01	1.751256e-01	1.755500e-01	1.761665e-01	1.762115e-01	
1.678907e-01	2.988541e-01	1.699662e-01	1.692869e-01	1.688216e-01	1.684465e-01	1.680669e-01	1.675975e-01	1.669436e-01	1.659819e-01	1.658027e-01	
2.886120e-01	2.976807e-01	2.956256e-01	2.930388e-01	2.912736e-01	2.898992e-01	2.885900e-01	2.870532e-01	2.849630e-01	2.818882e-01	2.795020e-01	
1.614411e-01	1.635077e-01	1.634526e-01	1.627946e-01	1.623434e-01	1.619797e-01	1.616119e-01	1.611579e-01	1.605260e-01	1.595938e-01	2.782892e-01	
1.549027e-01	1.527503e-01	1.529264e-01	1.538982e-01	1.545598e-01	1.550378e-01	1.554292e-01	1.558217e-01	1.563123e-01	1.570292e-01	2.762455e-01	
2.656760e-01	2.562828e-01	2.587207e-01	2.618584e-01	2.639923e-01	2.655668e-01	2.669175e-01	2.683464e-01	2.701892e-01	2.728903e-01	2.750324e-01	
1.482514e-01	2.550346e-01	1.463301e-01	1.472740e-01	1.479144e-01	1.483775e-01	1.487578e-01	1.491404e-01	1.496197e-01	1.503192e-01	1.503846e-01	
1.415227e-01	2.529314e-01	1.436908e-01	1.429375e-01	1.424224e-01	1.420142e-01	1.416131e-01	1.411296e-01	1.404638e-01	1.394864e-01	1.393139e-01	
2.420719e-01	2.516830e-01	2.494608e-01	2.466539e-01	2.447396e-01	2.432613e-01	2.418743e-01	2.402685e-01	2.380992e-01	2.349099e-01	2.324288e-01	
1.346924e-01	1.368844e-01	1.368089e-01	1.360700e-01	1.355640e-01	1.351640e-01	1.347726e-01	1.343024e-01	1.336561e-01	1.327039e-01	2.311497e-01	
1.277970e-01	1.255395e-01	1.257078e-01	1.266874e-01	1.273549e-01	1.278425e-01	1.282519e-01	1.286746e-01	1.292123e-01	1.299993e-01	2.289943e-01	
2.178831e-01	2.080237e-01	2.105395e-01	2.137692e-01	2.159666e-01	2.175983e-01	2.190168e-01	2.205393e-01	2.225183e-01	2.254207e-01	2.277151e-01	
1.208118e-01	2.067182e-01	1.187631e-01	1.197205e-01	1.203707e-01	1.208465e-01	1.212477e-01	1.216638e-01	1.221944e-01	1.229697e-01	1.230550e-01	
1.137737e-01	2.045182e-01	1.160026e-01	1.151850e-01	1.146271e-01	1.141919e-01	1.137759e-01	1.132859e-01	1.126186e-01	1.116394e-01	1.114755e-01	
1.931939e-01	2.032125e-01	2.008543e-01	1.978673e-01	1.958316e-01	1.942713e-01	1.928268e-01	1.911748e-01	1.889561e-01	1.856956e-01	1.831528e-01	
1.066568e-01	1.089428e-01	1.088482e-01	1.080405e-01	1.074887e-01	1.070597e-01	1.066513e-01	1.061716e-01	1.055189e-01	1.045577e-01	1.818253e-01	
9.949855e-02	9.716524e-02	9.732443e-02	9.830282e-02	9.897153e-02	9.946596e-02	9.988989e-02	1.003368e-01	1.009113e-01	1.017524e-01	1.795882e-01	
1.680828e-01	1.578871e-01	1.604509e-01	1.637379e-01	1.659785e-01	1.676535e-01	1.691253e-01	1.707199e-01	1.728012e-01	1.758531e-01	1.782606e-01	
9.227454e-02	1.565411e-01	9.012364e-02	9.108884e-02	9.175153e-02	9.224515e-02	9.266936e-02	9.311436e-02	9.368207e-02	9.450784e-02	9.460345e-02	
8.502259e-02	1.542728e-01	8.727333e-02	8.641457e-02	8.584476e-02	8.541336e-02	8.500582e-02	8.452035e-02	8.384725e-02	8.284920e-02	8.267804e-02	
1.426429e-01	1.529267e-01	1.504504e-01	1.473488e-01	1.452711e-01	1.437052e-01	1.422627e-01	1.405972e-01	1.383311e-01	1.349765e-01	1.323611e-01	
7.764111e-02	7.993107e-02	7.980167e-02	7.901889e-02	7.852307e-02	7.815730e-02	7.780183e-02	7.734907e-02	7.667972e-02	7.563597e-02	1.310005e-01	
7.016798e-02	6.758144e-02	6.773378e-02	6.891804e-02	6.980260e-02	7.049303e-02	7.107340e-02	7.161656e-02	7.219566e-02	7.289610e-02	1.287078e-01	
1.164274e-01	1.053591e-01	1.081381e-01	1.119459e-01	1.147051e-01	1.168401e-01	1.186768e-01	1.205009e-01	1.226094e-01	1.253643e-01	1.273472e-01	
6.335474e-02	1.038983e-01	5.981231e-02	6.141972e-02	6.260139e-02	6.351596e-02	6.430278e-02	6.508426e-02	6.598754e-02	6.715979e-02	6.682943e-02	
5.723854e-02	1.014368e-01	5.605777e-02	5.654122e-02	5.693559e-02	5.724131e-02	5.750434e-02	5.776559e-02	5.806756e-02	5.845673e-02	5.816397e-02	
9.495636e-02	9.997563e-02	9.495142e-02	9.484239e-02	9.484292e-02	9.484429e-02	9.484548e-02	9.484666e-02	9.484804e-02	9.485061e-02	9.488853e-02	
