5.021439e-01	5.022444e-01	5.023064e-01	5.023112e-01	5.023135e-01	5.023154e-01	5.023171e-01	5.023190e-01	5.023190e-01	5.021514e-01	4.960703e-01	
2.830401e-01	2.819807e-01	2.816804e-01	2.822091e-01	2.826077e-01	2.829342e-01	2.832400e-01	2.835737e-01	2.839880e-01	2.844630e-01	4.944045e-01	
2.758897e-01	2.718468e-01	2.715850e-01	2.731744e-01	2.743659e-01	2.753418e-01	2.762561e-01	2.772535e-01	2.784956e-01	2.801555e-01	4.915977e-01	
4.770458e-01	4.642213e-01	4.669175e-01	4.706485e-01	4.734290e-01	4.757063e-01	4.778398e-01	4.801673e-01	4.830667e-01	4.870248e-01	4.899317e-01	
2.677986e-01	4.625845e-01	2.648618e-01	2.659457e-01	2.667865e-01	2.674923e-01	2.681508e-01	2.688458e-01	2.696707e-01	2.707412e-01	2.707927e-01	
2.588151e-01	4.598260e-01	2.615555e-01	2.605424e-01	2.598904e-01	2.594079e-01	2.589476e-01	2.583752e-01	2.575401e-01	2.562443e-01	2.559556e-01	
4.455370e-01	4.581887e-01	4.553199e-01	4.517068e-01	4.492575e-01	4.473718e-01	4.455857e-01	4.434733e-01	4.405565e-01	4.362041e-01	4.327946e-01	
2.497056e-01	2.525788e-01	2.525022e-01	2.515980e-01	2.509849e-01	2.504978e-01	2.500056e-01	2.493862e-01	2.485022e-01	2.471700e-01	4.310906e-01	
2.405227e-01	2.374777e-01	2.377365e-01	2.391385e-01	2.400957e-01	2.407877e-01	2.413504e-01	2.419043e-01	2.425828e-01	2.435612e-01	4.282190e-01	
4.133283e-01	4.000768e-01	4.035573e-01	4.080443e-01	4.110963e-01	4.133408e-01	4.152503e-01	4.172482e-01	4.198049e-01	4.235442e-01	4.265146e-01	
2.311447e-01	3.983116e-01	2.284654e-01	2.298298e-01	2.307552e-01	2.314200e-01	2.319568e-01	2.324840e-01	2.331331e-01	2.340765e-01	2.341499e-01	
2.216262e-01	3.953369e-01	2.247331e-01	2.236981e-01	2.229896e-01	2.224214e-01	2.218514e-01	2.211518e-01	2.201801e-01	2.187516e-01	2.184895e-01	
3.799425e-01	3.935714e-01	3.904644e-01	3.865487e-01	3.838768e-01	3.818016e-01	3.798340e-01	3.775341e-01	3.744125e-01	3.698215e-01	3.662562e-01	
2.119329e-01	2.150400e-01	2.149495e-01	2.139413e-01	2.132501e-01	2.126965e-01	2.121429e-01	2.114655e-01	2.105265e-01	2.091418e-01	3.644362e-01	
2.021211e-01	1.988973e-01	1.991521e-01	2.005867e-01	2.015639e-01	2.022727e-01	2.028585e-01	2.034523e-01	2.041995e-01	2.052916e-01	3.613693e-01	
3.455278e-01	3.314577e-01	3.350849e-01	3.397492e-01	3.429220e-01	3.452691e-01	3.472931e-01	3.494465e-01	3.522320e-01	3.563153e-01	3.595490e-01	
1.921537e-01	3.295907e-01	1.892561e-01	1.906504e-01	1.915967e-01	1.922844e-01	1.928555e-01	1.934374e-01	1.941720e-01	1.952444e-01	1.953518e-01	
1.820886e-01	3.264446e-01	1.853066e-01	1.841599e-01	1.833762e-01	1.827597e-01	1.821617e-01	1.814487e-01	1.804721e-01	1.790389e-01	1.787923e-01	
3.102244e-01	3.245773e-01	3.212301e-01	3.169954e-01	3.141076e-01	3.118854e-01	3.098142e-01	3.074312e-01	3.042218e-01	2.995048e-01	2.958309e-01	
1.718890e-01	1.751641e-01	1.750399e-01	1.739075e-01	1.731324e-01	1.725247e-01	1.719390e-01	1.712443e-01	1.702952e-01	1.688975e-01	2.939249e-01	
1.616136e-01	1.582586e-01	1.584960e-01	1.599217e-01	1.608937e-01	1.616080e-01	1.622157e-01	1.628525e-01	1.636693e-01	1.648656e-01	2.907131e-01	
2.741833e-01	2.595277e-01	2.632328e-01	2.679829e-01	2.712156e-01	2.736248e-01	2.757344e-01	2.780159e-01	2.809934e-01	2.853608e-01	2.888068e-01	
1.512251e-01	2.575907e-01	1.481527e-01	1.495482e-01	1.504966e-01	1.511956e-01	1.517937e-01	1.524245e-01	1.532364e-01	1.544232e-01	1.545634e-01	
1.407830e-01	2.543268e-01	1.440556e-01	1.428155e-01	1.419697e-01	1.413161e-01	1.407016e-01	1.399888e-01	1.390249e-01	1.376114e-01	1.373837e-01	
2.375572e-01	2.523896e-01	2.488596e-01	2.443794e-01	2.413267e-01	2.389971e-01	2.368589e-01	2.344335e-01	2.311895e-01	2.264238e-01	2.227014e-01	
1.302479e-01	1.336344e-01	1.334789e-01	1.322448e-01	1.314021e-01	1.307534e-01	1.301471e-01	1.294470e-01	1.285019e-01	1.271114e-01	2.207415e-01	
1.196799e-01	1.162471e-01	1.164647e-01	1.178647e-01	1.188223e-01	1.195362e-01	1.201588e-01	1.208276e-01	1.216959e-01	1.229683e-01	2.174389e-01	
2.004890e-01	1.854839e-01	1.892125e-01	1.939845e-01	1.972387e-01	1.996827e-01	2.018497e-01	2.042200e-01	2.073292e-01	2.118894e-01	2.154789e-01	
1.090420e-01	1.835076e-01	1.058423e-01	1.072277e-01	1.081799e-01	1.088955e-01	1.095219e-01	1.101921e-01	1.110570e-01	1.123160e-01	1.124741e-01	
9.839435e-02	1.801774e-01	1.016563e-01	1.003620e-01	9.950319e-02	9.885979e-02	9.826459e-02	9.756908e-02	9.661331e-02	9.519693e-02	9.496498e-02	
1.631410e-01	1.782010e-01	1.745273e-01	1.699144e-01	1.668242e-01	1.645070e-01	1.623946e-01	1.599800e-01	1.567111e-01	1.518742e-01	1.480963e-01	
8.758751e-02	9.094442e-02	9.073704e-02	8.954506e-02	8.878806e-02	8.823573e-02	8.771229e-02	8.706007e-02	8.610442e-02	8.461494e-02	1.461107e-01	
7.668145e-02	7.292302e-02	7.312660e-02	7.480516e-02	7.606263e-02	7.705136e-02	7.789293e-02	7.869309e-02	7.955856e-02	8.061472e-02	1.427648e-01	
1.248868e-01	1.087945e-01	1.127881e-01	1.182573e-01	1.222250e-01	1.253071e-01	1.279772e-01	1.306512e-01	1.337627e-01	1.378418e-01	1.407791e-01	
6.675786e-02	1.066757e-01	6.158662e-02	6.389498e-02	6.559448e-02	6.691500e-02	6.805900e-02	6.920478e-02	7.053802e-02	7.227420e-02	7.181049e-02	
5.787476e-02	1.031053e-01	5.615083e-02	5.684415e-02	5.741141e-02	5.785288e-02	5.823537e-02	5.861845e-02	5.906422e-02	5.964075e-02	5.921944e-02	
9.370569e-02	1.009860e-01	9.369847e-02	9.354029e-02	9.354104e-02	9.354301e-02	9.354475e-02	9.354648e-02	9.354852e-02	9.355230e-02	9.360730e-02	
