7.572533e-01	7.574481e-01	7.575683e-01	7.575774e-01	7.575819e-01	7.575855e-01	7.575889e-01	7.575926e-01	7.575926e-01	7.572679e-01	7.454779e-01	
4.253965e-01	4.233387e-01	4.227473e-01	4.237563e-01	4.245195e-01	4.251487e-01	4.257435e-01	4.263975e-01	4.272127e-01	4.281492e-01	7.422483e-01	
4.115334e-01	4.036978e-01	4.031602e-01	4.061902e-01	4.084689e-01	4.103475e-01	4.121232e-01	4.140755e-01	4.165153e-01	4.197761e-01	7.368065e-01	
7.086417e-01	6.838423e-01	6.889740e-01	6.960777e-01	7.013875e-01	7.057646e-01	7.099014e-01	7.144488e-01	7.201341e-01	7.278931e-01	7.335766e-01	
3.958611e-01	6.806857e-01	3.901010e-01	3.921270e-01	3.937096e-01	3.950576e-01	3.963407e-01	3.977212e-01	3.993796e-01	4.015384e-01	4.016663e-01	
3.785326e-01	6.753662e-01	3.837073e-01	3.816613e-01	3.803427e-01	3.793849e-01	3.785062e-01	3.774494e-01	3.759253e-01	3.735546e-01	3.730501e-01	
6.479206e-01	6.722089e-01	6.665681e-01	6.594253e-01	6.545813e-01	6.508884e-01	6.474584e-01	6.434746e-01	6.380201e-01	6.298848e-01	6.234919e-01	
3.610250e-01	3.665531e-01	3.663486e-01	3.644587e-01	3.631771e-01	3.621864e-01	3.612336e-01	3.600831e-01	3.584687e-01	3.560370e-01	6.202403e-01	
3.435016e-01	3.377404e-01	3.381540e-01	3.406314e-01	3.423259e-01	3.435759e-01	3.446377e-01	3.457377e-01	3.471255e-01	3.491312e-01	6.147608e-01	
5.865092e-01	5.614364e-01	5.678129e-01	5.759972e-01	5.815709e-01	5.857215e-01	5.893429e-01	5.932360e-01	5.982892e-01	6.056799e-01	6.115086e-01	
3.257152e-01	5.581186e-01	3.204718e-01	3.228807e-01	3.245186e-01	3.257249e-01	3.267532e-01	3.278296e-01	3.292048e-01	3.312060e-01	3.314269e-01	
3.078243e-01	5.525278e-01	3.134406e-01	3.113157e-01	3.098645e-01	3.087427e-01	3.076889e-01	3.064668e-01	3.048132e-01	3.023857e-01	3.019949e-01	
5.238011e-01	5.492097e-01	5.431653e-01	5.354836e-01	5.302435e-01	5.262441e-01	5.225768e-01	5.184232e-01	5.128725e-01	5.047187e-01	4.983489e-01	
2.897550e-01	2.955624e-01	2.952919e-01	2.931519e-01	2.916872e-01	2.905620e-01	2.895184e-01	2.883232e-01	2.867170e-01	2.843545e-01	4.949919e-01	
2.716568e-01	2.657892e-01	2.661412e-01	2.684847e-01	2.700836e-01	2.712811e-01	2.723405e-01	2.734980e-01	2.750159e-01	2.772406e-01	4.893351e-01	
4.603556e-01	4.347170e-01	4.410285e-01	4.490861e-01	4.545737e-01	4.587068e-01	4.624030e-01	4.664869e-01	4.718743e-01	4.797764e-01	4.859778e-01	
2.534542e-01	4.313464e-01	2.479401e-01	2.502397e-01	2.518050e-01	2.529844e-01	2.540401e-01	2.552076e-01	2.567479e-01	2.590005e-01	2.593129e-01	
2.352839e-01	4.256669e-01	2.408025e-01	2.385032e-01	2.369367e-01	2.357565e-01	2.347010e-01	2.335344e-01	2.319940e-01	2.297375e-01	2.294199e-01	
3.966443e-01	4.222963e-01	4.159979e-01	4.079554e-01	4.024753e-01	3.983449e-01	3.946475e-01	3.905573e-01	3.851557e-01	3.772255e-01	3.709983e-01	
2.170749e-01	2.229418e-01	2.225959e-01	2.202631e-01	2.186693e-01	2.174741e-01	2.164152e-01	2.152564e-01	2.137343e-01	2.114997e-01	3.676358e-01	
1.989489e-01	1.931208e-01	1.934093e-01	1.955839e-01	1.970689e-01	1.982044e-01	1.992511e-01	2.004428e-01	2.020392e-01	2.043846e-01	3.619701e-01	
3.330751e-01	3.075662e-01	3.136929e-01	3.214794e-01	3.267838e-01	3.308176e-01	3.344954e-01	3.386388e-01	3.441606e-01	3.522683e-01	3.586078e-01	
1.808380e-01	3.042288e-01	1.752477e-01	1.774201e-01	1.789009e-01	1.800378e-01	1.810933e-01	1.823029e-01	1.839282e-01	1.863088e-01	1.866785e-01	
1.628477e-01	2.986054e-01	1.681908e-01	1.658256e-01	1.642176e-01	1.630254e-01	1.619919e-01	1.608858e-01	1.594492e-01	1.573461e-01	1.570798e-01	
2.699681e-01	2.952682e-01	2.889346e-01	2.808277e-01	2.753100e-01	2.711834e-01	2.675427e-01	2.635728e-01	2.583674e-01	2.507262e-01	2.447053e-01	
1.449108e-01	1.506970e-01	1.503123e-01	1.479152e-01	1.462815e-01	1.450729e-01	1.440287e-01	1.429144e-01	1.414691e-01	1.393486e-01	2.414050e-01	
1.271171e-01	1.214202e-01	1.216711e-01	1.237210e-01	1.251254e-01	1.262139e-01	1.272380e-01	1.284243e-01	1.300252e-01	1.323788e-01	2.358442e-01	
2.075385e-01	1.825783e-01	1.884998e-01	1.960153e-01	2.011437e-01	2.050664e-01	2.086736e-01	2.127658e-01	2.182356e-01	2.262687e-01	2.325442e-01	
1.094068e-01	1.793205e-01	1.038824e-01	1.059675e-01	1.074048e-01	1.085251e-01	1.095770e-01	1.107853e-01	1.124032e-01	1.147659e-01	1.151388e-01	
9.185540e-02	1.738313e-01	9.699347e-02	9.467722e-02	9.314061e-02	9.202645e-02	9.106485e-02	9.001604e-02	8.862140e-02	8.655583e-02	8.627458e-02	
1.459486e-01	1.705737e-01	1.643213e-01	1.564152e-01	1.511197e-01	1.472109e-01	1.437611e-01	1.399431e-01	1.348548e-01	1.273292e-01	1.214095e-01	
7.422642e-02	7.972474e-02	7.929664e-02	7.712858e-02	7.574202e-02	7.475934e-02	7.389221e-02	7.288231e-02	7.144374e-02	6.920072e-02	1.181963e-01	
5.658320e-02	5.057168e-02	5.082641e-02	5.332907e-02	5.521673e-02	5.673179e-02	5.806781e-02	5.939400e-02	6.088220e-02	6.273704e-02	1.127822e-01	
8.402988e-02	5.822616e-02	6.445522e-02	7.296129e-02	7.914297e-02	8.398972e-02	8.826321e-02	9.263481e-02	9.780699e-02	1.046424e-01	1.095693e-01	
4.063444e-02	5.484709e-02	3.227552e-02	3.585889e-02	3.850348e-02	4.057768e-02	4.240684e-02	4.427838e-02	4.649298e-02	4.940111e-02	4.872813e-02	
2.643666e-02	4.915324e-02	2.365215e-02	2.472329e-02	2.560510e-02	2.629790e-02	2.690895e-02	2.753426e-02	2.827427e-02	2.923966e-02	2.858438e-02	
3.416403e-02	4.577364e-02	3.415235e-02	3.389995e-02	3.390104e-02	3.390414e-02	3.390691e-02	3.390975e-02	3.391312e-02	3.391937e-02	3.400711e-02	
