3.342690e-01	3.343276e-01	3.343637e-01	3.343665e-01	3.343678e-01	3.343689e-01	3.343700e-01	3.343711e-01	3.343710e-01	3.342734e-01	3.307280e-01	
1.886897e-01	1.880722e-01	1.878976e-01	1.882066e-01	1.884394e-01	1.886299e-01	1.888081e-01	1.890023e-01	1.892433e-01	1.895195e-01	3.297569e-01	
1.845210e-01	1.821639e-01	1.820127e-01	1.829416e-01	1.836377e-01	1.842073e-01	1.847402e-01	1.853209e-01	1.860435e-01	1.870093e-01	3.281205e-01	
3.196345e-01	3.121547e-01	3.137311e-01	3.159123e-01	3.175372e-01	3.188666e-01	3.201104e-01	3.214657e-01	3.231531e-01	3.254567e-01	3.271492e-01	
1.798033e-01	3.111996e-01	1.780942e-01	1.787296e-01	1.792220e-01	1.796344e-01	1.800180e-01	1.804217e-01	1.808999e-01	1.815201e-01	1.815488e-01	
1.745617e-01	3.095900e-01	1.761659e-01	1.755791e-01	1.752015e-01	1.749213e-01	1.746523e-01	1.743161e-01	1.738248e-01	1.730626e-01	1.728917e-01	
3.012472e-01	3.086347e-01	3.069660e-01	3.048663e-01	3.034429e-01	3.023453e-01	3.013024e-01	3.000656e-01	2.983555e-01	2.958033e-01	2.938051e-01	
1.692436e-01	1.709207e-01	1.708788e-01	1.703582e-01	1.700052e-01	1.697234e-01	1.694364e-01	1.690729e-01	1.685528e-01	1.677689e-01	2.928091e-01	
1.638765e-01	1.620942e-01	1.622495e-01	1.630788e-01	1.636447e-01	1.640526e-01	1.643820e-01	1.647037e-01	1.650957e-01	1.656607e-01	2.911307e-01	
2.824191e-01	2.746628e-01	2.767108e-01	2.793526e-01	2.811490e-01	2.824675e-01	2.835847e-01	2.847484e-01	2.862339e-01	2.884065e-01	2.901345e-01	
1.583899e-01	2.736285e-01	1.568307e-01	1.576380e-01	1.581853e-01	1.585770e-01	1.588905e-01	1.591951e-01	1.595676e-01	1.601087e-01	1.601475e-01	
1.528125e-01	2.718855e-01	1.546448e-01	1.540478e-01	1.536390e-01	1.533089e-01	1.529740e-01	1.525592e-01	1.519808e-01	1.511301e-01	1.509711e-01	
2.628537e-01	2.708510e-01	2.690415e-01	2.667647e-01	2.652109e-01	2.640003e-01	2.628458e-01	2.614891e-01	2.596428e-01	2.569266e-01	2.548192e-01	
1.471250e-01	1.489472e-01	1.488997e-01	1.483225e-01	1.479266e-01	1.476069e-01	1.472828e-01	1.468816e-01	1.463228e-01	1.454982e-01	2.537492e-01	
1.413568e-01	1.394569e-01	1.396138e-01	1.404747e-01	1.410608e-01	1.414837e-01	1.418293e-01	1.421748e-01	1.426060e-01	1.432359e-01	2.519462e-01	
2.426187e-01	2.343280e-01	2.364836e-01	2.392585e-01	2.411456e-01	2.425370e-01	2.437290e-01	2.449882e-01	2.466108e-01	2.489891e-01	2.508760e-01	
1.354868e-01	2.332260e-01	1.337940e-01	1.346302e-01	1.351974e-01	1.356070e-01	1.359425e-01	1.362788e-01	1.366993e-01	1.373129e-01	1.373691e-01	
1.295457e-01	2.313689e-01	1.314639e-01	1.308018e-01	1.303491e-01	1.299896e-01	1.296351e-01	1.292066e-01	1.286158e-01	1.277484e-01	1.275942e-01	
2.217770e-01	2.302666e-01	2.283081e-01	2.258354e-01	2.241489e-01	2.228453e-01	2.216201e-01	2.201993e-01	2.182784e-01	2.154543e-01	2.132577e-01	
1.235123e-01	1.254483e-01	1.253833e-01	1.247351e-01	1.242911e-01	1.239394e-01	1.235938e-01	1.231774e-01	1.226040e-01	1.217592e-01	2.121273e-01	
1.174179e-01	1.154213e-01	1.155722e-01	1.164432e-01	1.170367e-01	1.174695e-01	1.178317e-01	1.182042e-01	1.186770e-01	1.193690e-01	2.102223e-01	
2.003977e-01	1.916782e-01	1.939085e-01	1.967726e-01	1.987211e-01	2.001666e-01	2.014210e-01	2.027647e-01	2.045094e-01	2.070681e-01	2.090917e-01	
1.112411e-01	1.905230e-01	1.094335e-01	1.102844e-01	1.108622e-01	1.112844e-01	1.116389e-01	1.120049e-01	1.124707e-01	1.131511e-01	1.132244e-01	
1.050137e-01	1.885764e-01	1.069912e-01	1.062719e-01	1.057810e-01	1.053972e-01	1.050287e-01	1.045930e-01	1.039984e-01	1.031260e-01	1.029785e-01	
1.785515e-01	1.874211e-01	1.853393e-01	1.827038e-01	1.809076e-01	1.795292e-01	1.782503e-01	1.767847e-01	1.748142e-01	1.719181e-01	1.696605e-01	
9.871282e-02	1.007363e-01	1.006549e-01	9.994572e-02	9.946119e-02	9.908350e-02	9.872219e-02	9.829599e-02	9.771481e-02	9.685889e-02	1.684844e-01	
9.237094e-02	9.030191e-02	9.044563e-02	9.131927e-02	9.191629e-02	9.235680e-02	9.273288e-02	9.312746e-02	9.363333e-02	9.437375e-02	1.665025e-01	
1.563037e-01	1.472636e-01	1.495436e-01	1.524681e-01	1.544615e-01	1.559500e-01	1.572547e-01	1.586650e-01	1.605033e-01	1.631988e-01	1.653262e-01	
8.596665e-02	1.460693e-01	8.406479e-02	8.492601e-02	8.551715e-02	8.595649e-02	8.633231e-02	8.672450e-02	8.722336e-02	8.794879e-02	8.803088e-02	
7.953274e-02	1.440570e-01	8.153616e-02	8.077943e-02	8.027731e-02	7.989612e-02	7.953406e-02	7.910069e-02	7.849851e-02	7.760549e-02	7.745065e-02	
1.337329e-01	1.428626e-01	1.406715e-01	1.379289e-01	1.360917e-01	1.347052e-01	1.334246e-01	1.319422e-01	1.299227e-01	1.269329e-01	1.246029e-01	
7.297913e-02	7.501160e-02	7.489948e-02	7.421157e-02	7.377615e-02	7.345400e-02	7.313886e-02	7.273525e-02	7.213721e-02	7.120457e-02	1.233940e-01	
6.633877e-02	6.403795e-02	6.417621e-02	6.523616e-02	6.602730e-02	6.664370e-02	6.716023e-02	6.764171e-02	6.815314e-02	6.877029e-02	1.213568e-01	
1.104381e-01	1.005938e-01	1.030727e-01	1.064697e-01	1.089305e-01	1.108328e-01	1.124664e-01	1.140855e-01	1.159536e-01	1.183925e-01	1.201478e-01	
6.028177e-02	9.929386e-02	5.713433e-02	5.856838e-02	5.962222e-02	6.043707e-02	6.113687e-02	6.183044e-02	6.263075e-02	6.366845e-02	6.337207e-02	
5.484055e-02	9.710324e-02	5.379147e-02	5.422293e-02	5.457463e-02	5.484701e-02	5.508093e-02	5.531279e-02	5.558032e-02	5.592480e-02	5.566375e-02	
9.133608e-02	9.580292e-02	9.133169e-02	9.123466e-02	9.123514e-02	9.123636e-02	9.123742e-02	9.123847e-02	9.123969e-02	9.124197e-02	9.127571e-02	
