6.044655e-01	6.045966e-01	6.046776e-01	6.046838e-01	6.046868e-01	6.046893e-01	6.046916e-01	6.046941e-01	6.046940e-01	6.044753e-01	5.965366e-01	
3.403773e-01	3.389940e-01	3.386014e-01	3.392906e-01	3.398104e-01	3.402364e-01	3.406358e-01	3.410718e-01	3.416134e-01	3.422344e-01	5.943620e-01	
3.310426e-01	3.257649e-01	3.254214e-01	3.274930e-01	3.290466e-01	3.303198e-01	3.315135e-01	3.328168e-01	3.344402e-01	3.366099e-01	5.906978e-01	
5.717039e-01	5.549661e-01	5.584798e-01	5.633423e-01	5.669672e-01	5.699377e-01	5.727229e-01	5.757635e-01	5.795526e-01	5.847251e-01	5.885229e-01	
3.204809e-01	5.528303e-01	3.166428e-01	3.180531e-01	3.191478e-01	3.200680e-01	3.209280e-01	3.218373e-01	3.229179e-01	3.243207e-01	3.243896e-01	
3.087589e-01	5.492311e-01	3.123276e-01	3.109999e-01	3.101453e-01	3.095140e-01	3.089139e-01	3.081701e-01	3.070858e-01	3.054031e-01	3.050298e-01	
5.305937e-01	5.470947e-01	5.433445e-01	5.386189e-01	5.354153e-01	5.329511e-01	5.306215e-01	5.278710e-01	5.240761e-01	5.184137e-01	5.139769e-01	
2.968764e-01	3.006246e-01	3.005210e-01	2.993318e-01	2.985254e-01	2.978866e-01	2.972441e-01	2.964388e-01	2.952910e-01	2.935616e-01	5.117557e-01	
2.849066e-01	2.809407e-01	2.812726e-01	2.830872e-01	2.843263e-01	2.852236e-01	2.859563e-01	2.866812e-01	2.875716e-01	2.888561e-01	5.080126e-01	
4.886138e-01	4.713551e-01	4.758739e-01	4.816972e-01	4.856586e-01	4.885754e-01	4.910629e-01	4.936726e-01	4.970169e-01	5.019082e-01	5.057909e-01	
2.726895e-01	4.690577e-01	2.691881e-01	2.709534e-01	2.721511e-01	2.730135e-01	2.737135e-01	2.744054e-01	2.752608e-01	2.765041e-01	2.766054e-01	
2.603008e-01	4.651861e-01	2.643289e-01	2.629694e-01	2.620389e-01	2.612956e-01	2.605549e-01	2.596507e-01	2.583980e-01	2.565568e-01	2.562230e-01	
4.451647e-01	4.628883e-01	4.588296e-01	4.537101e-01	4.502169e-01	4.475088e-01	4.449501e-01	4.419687e-01	4.379286e-01	4.319875e-01	4.273714e-01	
2.476949e-01	2.517367e-01	2.516117e-01	2.502815e-01	2.493699e-01	2.486432e-01	2.479224e-01	2.470463e-01	2.458356e-01	2.440507e-01	4.250073e-01	
2.349495e-01	2.307679e-01	2.310897e-01	2.329303e-01	2.341843e-01	2.350967e-01	2.358562e-01	2.366323e-01	2.376134e-01	2.390480e-01	4.210234e-01	
4.004645e-01	3.822126e-01	3.868941e-01	3.929098e-01	3.970027e-01	4.000362e-01	4.026627e-01	4.054688e-01	4.091066e-01	4.144398e-01	4.186589e-01	
2.220156e-01	3.797933e-01	2.182377e-01	2.200272e-01	2.212423e-01	2.221287e-01	2.228708e-01	2.236342e-01	2.246033e-01	2.260183e-01	2.261670e-01	
2.089726e-01	3.757163e-01	2.131183e-01	2.116130e-01	2.105846e-01	2.097800e-01	2.090070e-01	2.080931e-01	2.068462e-01	2.050169e-01	2.047084e-01	
3.547200e-01	3.732966e-01	3.689367e-01	3.634143e-01	3.596487e-01	3.567584e-01	3.540779e-01	3.510082e-01	3.468835e-01	3.408226e-01	3.360980e-01	
1.957719e-01	2.000125e-01	1.998406e-01	1.983471e-01	1.973251e-01	1.965287e-01	1.957694e-01	1.948775e-01	1.936645e-01	1.918791e-01	3.336351e-01	
1.824942e-01	1.781675e-01	1.784613e-01	1.802709e-01	1.815049e-01	1.824162e-01	1.831992e-01	1.840287e-01	1.850992e-01	1.866677e-01	3.294848e-01	
3.081517e-01	2.892487e-01	2.939944e-01	3.000723e-01	3.042096e-01	3.073013e-01	3.100233e-01	3.129836e-01	3.168583e-01	3.225425e-01	3.270216e-01	
1.690900e-01	2.867539e-01	1.651012e-01	1.668746e-01	1.680805e-01	1.689741e-01	1.697472e-01	1.705725e-01	1.716419e-01	1.732057e-01	1.733994e-01	
1.556407e-01	2.825500e-01	1.598228e-01	1.581996e-01	1.570931e-01	1.562436e-01	1.554548e-01	1.545503e-01	1.533338e-01	1.515508e-01	1.512724e-01	
2.609812e-01	2.800550e-01	2.754786e-01	2.696619e-01	2.656990e-01	2.626847e-01	2.599353e-01	2.568359e-01	2.527033e-01	2.466334e-01	2.418869e-01	
1.420945e-01	1.464513e-01	1.462367e-01	1.446131e-01	1.435048e-01	1.426578e-01	1.418766e-01	1.409858e-01	1.397908e-01	1.380336e-01	2.393718e-01	
1.285329e-01	1.241390e-01	1.244017e-01	1.261561e-01	1.273567e-01	1.282575e-01	1.290535e-01	1.299202e-01	1.310537e-01	1.327156e-01	2.351337e-01	
2.134164e-01	1.942056e-01	1.989371e-01	2.049843e-01	2.091094e-01	2.122182e-01	2.149936e-01	2.180506e-01	2.220751e-01	2.279788e-01	2.326185e-01	
1.149075e-01	1.916798e-01	1.107786e-01	1.125189e-01	1.137160e-01	1.146220e-01	1.154258e-01	1.162986e-01	1.174335e-01	1.190871e-01	1.193060e-01	
1.012993e-01	1.874238e-01	1.054278e-01	1.037420e-01	1.026234e-01	1.017916e-01	1.010339e-01	1.001614e-01	9.897069e-02	9.720688e-02	9.692875e-02	
1.656875e-01	1.848981e-01	1.801670e-01	1.742159e-01	1.702289e-01	1.672504e-01	1.645558e-01	1.614990e-01	1.573762e-01	1.512780e-01	1.465084e-01	
8.751711e-02	9.180232e-02	9.152087e-02	8.995728e-02	8.896246e-02	8.824215e-02	8.757176e-02	8.675003e-02	8.555429e-02	8.369122e-02	1.439820e-01	
7.364127e-02	6.887477e-02	6.911611e-02	7.120482e-02	7.277308e-02	7.401321e-02	7.507883e-02	7.610395e-02	7.722431e-02	7.860016e-02	1.397249e-01	
1.170199e-01	9.660260e-02	1.016253e-01	1.085010e-01	1.134936e-01	1.173832e-01	1.207705e-01	1.241839e-01	1.281752e-01	1.334203e-01	1.371985e-01	
6.103392e-02	9.391898e-02	5.445318e-02	5.735481e-02	5.949350e-02	6.116019e-02	6.261167e-02	6.407443e-02	6.578488e-02	6.801779e-02	6.744518e-02	
4.977216e-02	8.939686e-02	4.757813e-02	4.844873e-02	4.916264e-02	4.971990e-02	5.020523e-02	5.069435e-02	5.126629e-02	5.200788e-02	5.147745e-02	
7.749203e-02	8.671268e-02	7.748283e-02	7.728245e-02	7.728338e-02	7.728588e-02	7.728808e-02	7.729030e-02	7.729290e-02	7.729775e-02	7.736742e-02	
