4.785335e-01	4.786274e-01	4.786854e-01	4.786898e-01	4.786920e-01	4.786938e-01	4.786954e-01	4.786972e-01	4.786971e-01	4.785405e-01	4.728552e-01	
2.697918e-01	2.688013e-01	2.685207e-01	2.690151e-01	2.693879e-01	2.696931e-01	2.699791e-01	2.702909e-01	2.706782e-01	2.711221e-01	4.712978e-01	
2.631068e-01	2.593270e-01	2.590826e-01	2.605690e-01	2.616833e-01	2.625958e-01	2.634506e-01	2.643829e-01	2.655438e-01	2.670953e-01	4.686737e-01	
4.550686e-01	4.430781e-01	4.455998e-01	4.490893e-01	4.516897e-01	4.538191e-01	4.558137e-01	4.579894e-01	4.606994e-01	4.643990e-01	4.671162e-01	
2.555423e-01	4.415477e-01	2.527973e-01	2.538114e-01	2.545979e-01	2.552580e-01	2.558736e-01	2.565230e-01	2.572936e-01	2.582936e-01	2.583414e-01	
2.471426e-01	4.389685e-01	2.497060e-01	2.487597e-01	2.481507e-01	2.476998e-01	2.472694e-01	2.467337e-01	2.459519e-01	2.447390e-01	2.444685e-01	
4.256068e-01	4.374375e-01	4.347564e-01	4.313799e-01	4.290911e-01	4.273285e-01	4.256583e-01	4.236822e-01	4.209532e-01	4.168808e-01	4.136910e-01	
2.386245e-01	2.413110e-01	2.412401e-01	2.403961e-01	2.398239e-01	2.393690e-01	2.389088e-01	2.383293e-01	2.375017e-01	2.362547e-01	4.120974e-01	
2.300363e-01	2.271880e-01	2.274309e-01	2.287443e-01	2.296409e-01	2.302888e-01	2.308152e-01	2.313328e-01	2.319663e-01	2.328798e-01	4.094117e-01	
3.954836e-01	3.830879e-01	3.863461e-01	3.905467e-01	3.934038e-01	3.955044e-01	3.972904e-01	3.991580e-01	4.015472e-01	4.050415e-01	4.078177e-01	
2.212645e-01	3.814365e-01	2.187603e-01	2.200384e-01	2.209053e-01	2.215278e-01	2.220297e-01	2.225220e-01	2.231276e-01	2.240076e-01	2.240754e-01	
2.123594e-01	3.786536e-01	2.152687e-01	2.143025e-01	2.136411e-01	2.131101e-01	2.125767e-01	2.119210e-01	2.110100e-01	2.096705e-01	2.094241e-01	
3.642487e-01	3.770018e-01	3.740974e-01	3.704380e-01	3.679409e-01	3.660006e-01	3.641595e-01	3.620058e-01	3.590816e-01	3.547807e-01	3.514411e-01	
2.032891e-01	2.061963e-01	2.061129e-01	2.051726e-01	2.045280e-01	2.040111e-01	2.034932e-01	2.028586e-01	2.019782e-01	2.006798e-01	3.497376e-01	
1.941054e-01	1.910870e-01	1.913271e-01	1.926737e-01	1.935909e-01	1.942557e-01	1.948043e-01	1.953593e-01	1.960568e-01	1.970764e-01	3.468670e-01	
3.320365e-01	3.188630e-01	3.222631e-01	3.266360e-01	3.296105e-01	3.318098e-01	3.337048e-01	3.357188e-01	3.383227e-01	3.421397e-01	3.451633e-01	
1.847739e-01	3.171145e-01	1.820642e-01	1.833728e-01	1.842609e-01	1.849058e-01	1.854402e-01	1.859836e-01	1.866687e-01	1.876688e-01	1.877678e-01	
1.753479e-01	3.141682e-01	1.783657e-01	1.772950e-01	1.765633e-01	1.759869e-01	1.754265e-01	1.747571e-01	1.738394e-01	1.724925e-01	1.722596e-01	
2.989740e-01	3.124195e-01	3.092885e-01	3.053286e-01	3.026282e-01	3.005489e-01	2.986086e-01	2.963738e-01	2.933623e-01	2.889361e-01	2.854894e-01	
1.657931e-01	1.688609e-01	1.687464e-01	1.676903e-01	1.669674e-01	1.663999e-01	1.658514e-01	1.651994e-01	1.643076e-01	1.629943e-01	2.837032e-01	
1.561638e-01	1.530182e-01	1.532429e-01	1.545845e-01	1.554991e-01	1.561706e-01	1.567404e-01	1.573360e-01	1.580990e-01	1.592162e-01	2.806933e-01	
2.651983e-01	2.514581e-01	2.549375e-01	2.593992e-01	2.624355e-01	2.646968e-01	2.666745e-01	2.688105e-01	2.715961e-01	2.756819e-01	2.789069e-01	
1.464250e-01	2.496415e-01	1.435490e-01	1.448619e-01	1.457540e-01	1.464107e-01	1.469712e-01	1.475605e-01	1.483179e-01	1.494250e-01	1.495541e-01	
1.366320e-01	2.465804e-01	1.397068e-01	1.385482e-01	1.377580e-01	1.371463e-01	1.365696e-01	1.358987e-01	1.349904e-01	1.336583e-01	1.334422e-01	
2.308479e-01	2.447637e-01	2.414582e-01	2.372644e-01	2.344068e-01	2.322244e-01	2.302183e-01	2.279394e-01	2.248892e-01	2.204079e-01	2.169086e-01	
1.267477e-01	1.299246e-01	1.297812e-01	1.286297e-01	1.278433e-01	1.272370e-01	1.266685e-01	1.260099e-01	1.251197e-01	1.238098e-01	2.150689e-01	
1.168279e-01	1.136037e-01	1.138108e-01	1.151323e-01	1.160361e-01	1.167088e-01	1.172938e-01	1.179201e-01	1.187318e-01	1.199211e-01	2.119689e-01	
1.960526e-01	1.819601e-01	1.854694e-01	1.899620e-01	1.930255e-01	1.953244e-01	1.973594e-01	1.995816e-01	2.024941e-01	2.067656e-01	2.101291e-01	
1.068380e-01	1.801032e-01	1.038386e-01	1.051455e-01	1.060436e-01	1.067176e-01	1.073055e-01	1.079325e-01	1.087398e-01	1.099150e-01	1.100607e-01	
9.683376e-02	1.769743e-01	9.990571e-02	9.869517e-02	9.789195e-02	9.728909e-02	9.672933e-02	9.607297e-02	9.516955e-02	9.383060e-02	9.360944e-02	
1.609608e-01	1.751173e-01	1.716719e-01	1.673475e-01	1.644506e-01	1.622765e-01	1.602908e-01	1.580170e-01	1.549358e-01	1.503765e-01	1.468166e-01	
8.667477e-02	8.982972e-02	8.963776e-02	8.852491e-02	8.781847e-02	8.730206e-02	8.681051e-02	8.619561e-02	8.529319e-02	8.388656e-02	1.449489e-01	
7.641668e-02	7.287883e-02	7.307344e-02	7.466060e-02	7.584894e-02	7.678209e-02	7.757456e-02	7.832593e-02	7.913657e-02	8.012430e-02	1.418018e-01	
1.249787e-01	1.098324e-01	1.135991e-01	1.187580e-01	1.224999e-01	1.254045e-01	1.279176e-01	1.304308e-01	1.333517e-01	1.371786e-01	1.399341e-01	
6.707943e-02	1.078373e-01	6.221569e-02	6.439316e-02	6.599587e-02	6.724030e-02	6.831705e-02	6.939386e-02	7.064538e-02	7.227415e-02	7.183491e-02	
5.871696e-02	1.044754e-01	5.709558e-02	5.774975e-02	5.828469e-02	5.870072e-02	5.906071e-02	5.942073e-02	5.983916e-02	6.038000e-02	5.998273e-02	
9.562459e-02	1.024798e-01	9.561780e-02	9.546886e-02	9.546957e-02	9.547143e-02	9.547306e-02	9.547469e-02	9.547660e-02	9.548016e-02	9.553195e-02	
