6.736487e-01	6.738033e-01	6.738988e-01	6.739061e-01	6.739097e-01	6.739126e-01	6.739153e-01	6.739182e-01	6.739181e-01	6.736603e-01	6.642991e-01	
3.790534e-01	3.774218e-01	3.769580e-01	3.777691e-01	3.783811e-01	3.788830e-01	3.793542e-01	3.798690e-01	3.805089e-01	3.812427e-01	6.617348e-01	
3.680461e-01	3.618230e-01	3.614149e-01	3.638526e-01	3.656815e-01	3.671815e-01	3.685894e-01	3.701281e-01	3.720455e-01	3.746081e-01	6.574140e-01	
6.350216e-01	6.152911e-01	6.194248e-01	6.251457e-01	6.294120e-01	6.329110e-01	6.361953e-01	6.397842e-01	6.442586e-01	6.503664e-01	6.548495e-01	
3.555934e-01	6.127744e-01	3.510609e-01	3.527164e-01	3.540026e-01	3.550856e-01	3.561004e-01	3.571759e-01	3.584560e-01	3.601183e-01	3.602024e-01	
3.417797e-01	6.085330e-01	3.459741e-01	3.444003e-01	3.433871e-01	3.426405e-01	3.419343e-01	3.410624e-01	3.397933e-01	3.378233e-01	3.373886e-01	
5.865820e-01	6.060156e-01	6.015854e-01	5.959992e-01	5.922120e-01	5.893026e-01	5.865589e-01	5.833267e-01	5.788720e-01	5.722254e-01	5.670155e-01	
3.277835e-01	3.321991e-01	3.320713e-01	3.306552e-01	3.296951e-01	3.289371e-01	3.281796e-01	3.272350e-01	3.258916e-01	3.238675e-01	5.644016e-01	
3.136970e-01	3.090350e-01	3.094174e-01	3.115327e-01	3.129775e-01	3.140264e-01	3.148875e-01	3.157449e-01	3.168023e-01	3.183279e-01	5.599966e-01	
5.371842e-01	5.168958e-01	5.221864e-01	5.290007e-01	5.336371e-01	5.370562e-01	5.399813e-01	5.430607e-01	5.470142e-01	5.527964e-01	5.573821e-01	
2.993307e-01	5.141973e-01	2.951967e-01	2.972543e-01	2.986507e-01	2.996594e-01	3.004835e-01	3.013050e-01	3.023256e-01	3.038092e-01	3.039367e-01	
2.847792e-01	5.096499e-01	2.894875e-01	2.878720e-01	2.867668e-01	2.858881e-01	2.850200e-01	2.839675e-01	2.825140e-01	2.803780e-01	2.799965e-01	
4.861551e-01	5.069509e-01	5.021624e-01	4.961156e-01	4.919899e-01	4.887986e-01	4.857965e-01	4.823123e-01	4.775998e-01	4.706713e-01	4.652841e-01	
2.699881e-01	2.747323e-01	2.745749e-01	2.729868e-01	2.718987e-01	2.710363e-01	2.701894e-01	2.691684e-01	2.677629e-01	2.656915e-01	4.625140e-01	
2.550539e-01	2.501626e-01	2.505270e-01	2.526513e-01	2.540991e-01	2.551566e-01	2.560443e-01	2.569603e-01	2.581248e-01	2.598282e-01	4.578460e-01	
4.337822e-01	4.124297e-01	4.178741e-01	4.248641e-01	4.296206e-01	4.331541e-01	4.362277e-01	4.395277e-01	4.438172e-01	4.501062e-01	4.550754e-01	
2.399180e-01	4.096028e-01	2.354727e-01	2.375401e-01	2.389444e-01	2.399735e-01	2.408433e-01	2.417481e-01	2.429037e-01	2.445915e-01	2.447781e-01	
2.246777e-01	4.048391e-01	2.294897e-01	2.277053e-01	2.264869e-01	2.255392e-01	2.246387e-01	2.235841e-01	2.221517e-01	2.200509e-01	2.197047e-01	
3.803348e-01	4.020118e-01	3.968886e-01	3.903912e-01	3.859612e-01	3.825707e-01	3.794431e-01	3.758799e-01	3.711045e-01	3.640886e-01	3.586139e-01	
2.092756e-01	2.142255e-01	2.140110e-01	2.122330e-01	2.110167e-01	2.100750e-01	2.091876e-01	2.081561e-01	2.067603e-01	2.047068e-01	3.557449e-01	
1.938089e-01	1.887795e-01	1.891063e-01	1.911744e-01	1.925851e-01	1.936322e-01	1.945413e-01	1.955157e-01	1.967809e-01	1.986354e-01	3.509104e-01	
3.260919e-01	3.041138e-01	3.095926e-01	3.166017e-01	3.213738e-01	3.249496e-01	3.281153e-01	3.315779e-01	3.361235e-01	3.427927e-01	3.480412e-01	
1.782197e-01	3.012172e-01	1.735523e-01	1.755833e-01	1.769649e-01	1.779944e-01	1.788951e-01	1.798683e-01	1.811374e-01	1.829937e-01	1.832340e-01	
1.626046e-01	2.963363e-01	1.674233e-01	1.655100e-01	1.642064e-01	1.632117e-01	1.622990e-01	1.612639e-01	1.598796e-01	1.578512e-01	1.575439e-01	
2.713269e-01	2.934396e-01	2.880940e-01	2.812908e-01	2.766565e-01	2.731421e-01	2.699553e-01	2.663834e-01	2.616344e-01	2.546606e-01	2.492005e-01	
1.469032e-01	1.519558e-01	1.516915e-01	1.497708e-01	1.484601e-01	1.474646e-01	1.465575e-01	1.455351e-01	1.441714e-01	1.421670e-01	2.462903e-01	
1.312113e-01	1.261385e-01	1.264262e-01	1.284139e-01	1.297745e-01	1.308014e-01	1.317193e-01	1.327304e-01	1.340613e-01	1.360135e-01	2.413865e-01	
2.162907e-01	1.941055e-01	1.995289e-01	2.064521e-01	2.111754e-01	2.147456e-01	2.179514e-01	2.215032e-01	2.261934e-01	2.330750e-01	2.384763e-01	
1.154722e-01	1.911929e-01	1.106739e-01	1.126518e-01	1.140131e-01	1.150493e-01	1.159793e-01	1.170009e-01	1.183380e-01	1.202869e-01	1.205556e-01	
9.978015e-02	1.862853e-01	1.045041e-01	1.025315e-01	1.012227e-01	1.002551e-01	9.938428e-02	9.839314e-02	9.704803e-02	9.505602e-02	9.475146e-02	
1.612526e-01	1.833727e-01	1.778856e-01	1.709743e-01	1.663441e-01	1.628947e-01	1.597923e-01	1.562932e-01	1.515874e-01	1.446282e-01	1.391789e-01	
8.391494e-02	8.885140e-02	8.851265e-02	8.667542e-02	8.550497e-02	8.466214e-02	8.388808e-02	8.295097e-02	8.159441e-02	7.948104e-02	1.362754e-01	
6.796868e-02	6.250347e-02	6.276676e-02	6.512872e-02	6.690491e-02	6.831523e-02	6.953550e-02	7.071935e-02	7.202267e-02	7.363011e-02	1.313830e-01	
1.053227e-01	8.190343e-02	8.763022e-02	9.546649e-02	1.011595e-01	1.056039e-01	1.094885e-01	1.134200e-01	1.180329e-01	1.241048e-01	1.284796e-01	
5.349681e-02	7.882887e-02	4.593395e-02	4.924030e-02	5.167897e-02	5.358329e-02	5.524781e-02	5.693258e-02	5.890937e-02	6.149440e-02	6.085045e-02	
4.058691e-02	7.364805e-02	3.806549e-02	3.905670e-02	3.987070e-02	4.050739e-02	4.106394e-02	4.162729e-02	4.228829e-02	4.314687e-02	4.254194e-02	
6.000927e-02	7.057293e-02	5.999870e-02	5.976910e-02	5.977015e-02	5.977301e-02	5.977553e-02	5.977808e-02	5.978109e-02	5.978669e-02	5.986650e-02	
