4.100178e-01	4.100939e-01	4.101409e-01	4.101445e-01	4.101463e-01	4.101477e-01	4.101490e-01	4.101505e-01	4.101504e-01	4.100235e-01	4.054148e-01	
2.313068e-01	2.305040e-01	2.302767e-01	2.306779e-01	2.309803e-01	2.312279e-01	2.314596e-01	2.317122e-01	2.320259e-01	2.323853e-01	4.041523e-01	
2.258877e-01	2.228237e-01	2.226263e-01	2.238325e-01	2.247365e-01	2.254766e-01	2.261694e-01	2.269247e-01	2.278649e-01	2.291216e-01	4.020251e-01	
3.909952e-01	3.812737e-01	3.833202e-01	3.861522e-01	3.882622e-01	3.899893e-01	3.916061e-01	3.933690e-01	3.955642e-01	3.985611e-01	4.007626e-01	
2.197554e-01	3.800326e-01	2.175318e-01	2.183558e-01	2.189945e-01	2.195301e-01	2.200289e-01	2.205546e-01	2.211778e-01	2.219864e-01	2.220244e-01	
2.129441e-01	3.779411e-01	2.150256e-01	2.142605e-01	2.137682e-01	2.134033e-01	2.130540e-01	2.126185e-01	2.119823e-01	2.109955e-01	2.107749e-01	
3.671032e-01	3.766997e-01	3.745283e-01	3.717948e-01	3.699418e-01	3.685139e-01	3.671592e-01	3.655545e-01	3.633371e-01	3.600282e-01	3.574368e-01	
2.060352e-01	2.082140e-01	2.081580e-01	2.074774e-01	2.070159e-01	2.066483e-01	2.062752e-01	2.058042e-01	2.051308e-01	2.041161e-01	3.561436e-01	
1.990662e-01	1.967535e-01	1.969527e-01	1.980237e-01	1.987548e-01	1.992824e-01	1.997098e-01	2.001287e-01	2.006403e-01	2.013780e-01	3.539642e-01	
3.426575e-01	3.325929e-01	3.352440e-01	3.386630e-01	3.409882e-01	3.426963e-01	3.441462e-01	3.456596e-01	3.475936e-01	3.504222e-01	3.526707e-01	
1.919453e-01	3.312514e-01	1.899167e-01	1.909592e-01	1.916661e-01	1.921728e-01	1.925800e-01	1.929776e-01	1.934653e-01	1.941739e-01	1.942268e-01	
1.847116e-01	3.289908e-01	1.870810e-01	1.863013e-01	1.857673e-01	1.853375e-01	1.849037e-01	1.843686e-01	1.836237e-01	1.825284e-01	1.823253e-01	
3.172834e-01	3.276490e-01	3.252957e-01	3.223324e-01	3.203103e-01	3.187371e-01	3.172406e-01	3.154863e-01	3.131018e-01	3.095942e-01	3.068717e-01	
1.773395e-01	1.797019e-01	1.796371e-01	1.788805e-01	1.783617e-01	1.779443e-01	1.775238e-01	1.770060e-01	1.762862e-01	1.752245e-01	3.054861e-01	
1.698694e-01	1.674117e-01	1.676107e-01	1.687154e-01	1.694677e-01	1.700117e-01	1.704586e-01	1.709081e-01	1.714712e-01	1.722941e-01	3.031511e-01	
2.910800e-01	2.803543e-01	2.831323e-01	2.867068e-01	2.891379e-01	2.909331e-01	2.924756e-01	2.941103e-01	2.962203e-01	2.993133e-01	3.017652e-01	
1.622735e-01	2.789297e-01	1.600751e-01	1.611483e-01	1.618765e-01	1.624039e-01	1.628385e-01	1.632774e-01	1.638286e-01	1.646331e-01	1.647099e-01	
1.545935e-01	2.765291e-01	1.570622e-01	1.561978e-01	1.556068e-01	1.551395e-01	1.546822e-01	1.541327e-01	1.533773e-01	1.522685e-01	1.520742e-01	
2.641400e-01	2.751043e-01	2.725625e-01	2.693504e-01	2.671597e-01	2.654699e-01	2.638876e-01	2.620592e-01	2.595915e-01	2.559639e-01	2.531408e-01	
1.468017e-01	1.493027e-01	1.492138e-01	1.483642e-01	1.477824e-01	1.473236e-01	1.468768e-01	1.463422e-01	1.456086e-01	1.445281e-01	2.516826e-01	
1.389405e-01	1.363689e-01	1.365577e-01	1.376665e-01	1.384222e-01	1.389753e-01	1.394414e-01	1.399249e-01	1.405416e-01	1.414443e-01	2.492253e-01	
2.365645e-01	2.253328e-01	2.281907e-01	2.318581e-01	2.343534e-01	2.362084e-01	2.378247e-01	2.395634e-01	2.418262e-01	2.451450e-01	2.477669e-01	
1.309818e-01	2.238464e-01	1.286417e-01	1.297258e-01	1.304623e-01	1.310025e-01	1.314599e-01	1.319367e-01	1.325467e-01	1.334379e-01	1.335381e-01	
1.229688e-01	2.213417e-01	1.254984e-01	1.245613e-01	1.239218e-01	1.234245e-01	1.229515e-01	1.223970e-01	1.216433e-01	1.205376e-01	1.203546e-01	
2.084561e-01	2.198552e-01	2.171629e-01	2.137508e-01	2.114255e-01	2.096457e-01	2.080022e-01	2.061273e-01	2.036125e-01	1.999171e-01	1.970338e-01	
1.148716e-01	1.174731e-01	1.173618e-01	1.164338e-01	1.158000e-01	1.153087e-01	1.148437e-01	1.143002e-01	1.135625e-01	1.124765e-01	1.955246e-01	
1.067339e-01	1.040842e-01	1.042611e-01	1.053630e-01	1.061162e-01	1.066745e-01	1.071557e-01	1.076659e-01	1.083237e-01	1.092870e-01	1.929815e-01	
1.799103e-01	1.683307e-01	1.712321e-01	1.749499e-01	1.774845e-01	1.793820e-01	1.810538e-01	1.828703e-01	1.852449e-01	1.887271e-01	1.914722e-01	
9.852790e-02	1.668030e-01	9.607705e-02	9.716506e-02	9.791230e-02	9.847039e-02	9.895267e-02	9.946166e-02	1.001133e-01	1.010614e-01	1.011740e-01	
9.029747e-02	1.642288e-01	9.284191e-02	9.185947e-02	9.120759e-02	9.071565e-02	9.025386e-02	8.970693e-02	8.895061e-02	8.782935e-02	8.763961e-02	
1.510388e-01	1.627010e-01	1.598818e-01	1.563479e-01	1.539806e-01	1.521992e-01	1.505634e-01	1.486803e-01	1.461221e-01	1.423355e-01	1.393818e-01	
8.192726e-02	8.452496e-02	8.437404e-02	8.347567e-02	8.290616e-02	8.248747e-02	8.208368e-02	8.157277e-02	8.081944e-02	7.964491e-02	1.378404e-01	
7.346131e-02	7.053495e-02	7.070315e-02	7.203312e-02	7.302738e-02	7.380513e-02	7.446134e-02	7.507841e-02	7.573920e-02	7.654063e-02	1.352431e-01	
1.213414e-01	1.088168e-01	1.119505e-01	1.162437e-01	1.193557e-01	1.217664e-01	1.238447e-01	1.259140e-01	1.283106e-01	1.314452e-01	1.337017e-01	
6.574746e-02	1.071650e-01	6.173406e-02	6.354626e-02	6.487907e-02	6.591183e-02	6.680219e-02	6.768873e-02	6.871552e-02	7.004946e-02	6.967951e-02	
5.882869e-02	1.043816e-01	5.749087e-02	5.803570e-02	5.848053e-02	5.882577e-02	5.912342e-02	5.941981e-02	5.976308e-02	6.020596e-02	5.987569e-02	
9.705372e-02	1.027294e-01	9.704811e-02	9.692481e-02	9.692541e-02	9.692696e-02	9.692830e-02	9.692965e-02	9.693121e-02	9.693414e-02	9.697701e-02	
