2.309991e-01	2.310370e-01	2.310605e-01	2.310622e-01	2.310631e-01	2.310638e-01	2.310645e-01	2.310652e-01	2.310652e-01	2.310019e-01	2.287058e-01	
1.304795e-01	1.300797e-01	1.299667e-01	1.301670e-01	1.303180e-01	1.304414e-01	1.305568e-01	1.306825e-01	1.308384e-01	1.310170e-01	2.280769e-01	
1.277797e-01	1.262531e-01	1.261556e-01	1.267581e-01	1.272094e-01	1.275785e-01	1.279235e-01	1.282993e-01	1.287668e-01	1.293916e-01	2.270171e-01	
2.215204e-01	2.166752e-01	2.176977e-01	2.191124e-01	2.201660e-01	2.210276e-01	2.218332e-01	2.227104e-01	2.238022e-01	2.252927e-01	2.263881e-01	
1.247241e-01	2.160564e-01	1.236183e-01	1.240310e-01	1.243506e-01	1.246181e-01	1.248664e-01	1.251273e-01	1.254361e-01	1.258364e-01	1.258545e-01	
1.213280e-01	2.150135e-01	1.223692e-01	1.219905e-01	1.217468e-01	1.215657e-01	1.213913e-01	1.211727e-01	1.208529e-01	1.203570e-01	1.202454e-01	
2.096061e-01	2.143945e-01	2.133151e-01	2.119575e-01	2.110373e-01	2.103270e-01	2.096511e-01	2.088482e-01	2.077374e-01	2.060795e-01	2.047817e-01	
1.178813e-01	1.189681e-01	1.189419e-01	1.186070e-01	1.183800e-01	1.181983e-01	1.180123e-01	1.177761e-01	1.174376e-01	1.169275e-01	2.041358e-01	
1.144007e-01	1.132441e-01	1.133461e-01	1.138873e-01	1.142565e-01	1.145222e-01	1.147361e-01	1.149440e-01	1.151966e-01	1.155606e-01	2.030474e-01	
1.973950e-01	1.923612e-01	1.936940e-01	1.954138e-01	1.965832e-01	1.974405e-01	1.981654e-01	1.989186e-01	1.998790e-01	2.012835e-01	2.024013e-01	
1.108408e-01	1.916895e-01	1.098320e-01	1.103589e-01	1.107161e-01	1.109711e-01	1.111744e-01	1.113707e-01	1.116098e-01	1.119572e-01	1.119810e-01	
1.072191e-01	1.905577e-01	1.084129e-01	1.080285e-01	1.077651e-01	1.075517e-01	1.073340e-01	1.070630e-01	1.066843e-01	1.061272e-01	1.060220e-01	
1.846888e-01	1.898859e-01	1.887147e-01	1.872422e-01	1.862373e-01	1.854530e-01	1.847027e-01	1.838186e-01	1.826138e-01	1.808411e-01	1.794663e-01	
1.035231e-01	1.047069e-01	1.046780e-01	1.043078e-01	1.040538e-01	1.038478e-01	1.036374e-01	1.033755e-01	1.030096e-01	1.024697e-01	1.787703e-01	
9.977087e-02	9.853348e-02	9.863789e-02	9.920388e-02	9.958914e-02	9.986638e-02	1.000916e-01	1.003151e-01	1.005928e-01	1.009984e-01	1.775974e-01	
1.715250e-01	1.661254e-01	1.675355e-01	1.693518e-01	1.705868e-01	1.714958e-01	1.722720e-01	1.730888e-01	1.741392e-01	1.756787e-01	1.769013e-01	
9.594901e-02	1.654071e-01	9.485149e-02	9.540105e-02	9.577369e-02	9.604197e-02	9.626012e-02	9.647693e-02	9.674662e-02	9.714000e-02	9.717419e-02	
9.207613e-02	1.641964e-01	9.333291e-02	9.290639e-02	9.261460e-02	9.238173e-02	9.215019e-02	9.186821e-02	9.147823e-02	9.090548e-02	9.080211e-02	
1.579378e-01	1.634779e-01	1.622070e-01	1.606043e-01	1.595110e-01	1.586640e-01	1.578644e-01	1.569335e-01	1.556723e-01	1.538178e-01	1.523764e-01	
8.813878e-02	8.940172e-02	8.936224e-02	8.894655e-02	8.866174e-02	8.843476e-02	8.820961e-02	8.793593e-02	8.755775e-02	8.700026e-02	1.516377e-01	
8.415615e-02	8.284908e-02	8.295107e-02	8.352890e-02	8.392248e-02	8.420842e-02	8.444570e-02	8.468737e-02	8.499244e-02	8.543866e-02	1.503928e-01	
1.439655e-01	1.382581e-01	1.397267e-01	1.416142e-01	1.428980e-01	1.438483e-01	1.446691e-01	1.455440e-01	1.466770e-01	1.483384e-01	1.496539e-01	
8.011443e-02	1.375010e-01	7.893813e-02	7.950204e-02	7.988481e-02	8.016323e-02	8.039482e-02	8.063135e-02	8.093037e-02	8.136704e-02	8.141161e-02	
7.603328e-02	1.362253e-01	7.733791e-02	7.687341e-02	7.655619e-02	7.630667e-02	7.606448e-02	7.577537e-02	7.537910e-02	7.479743e-02	7.469691e-02	
1.296475e-01	1.354682e-01	1.341117e-01	1.323968e-01	1.312279e-01	1.303282e-01	1.294888e-01	1.285219e-01	1.272185e-01	1.253024e-01	1.238102e-01	
7.189797e-02	7.322537e-02	7.317579e-02	7.272008e-02	7.240861e-02	7.216417e-02	7.192747e-02	7.164525e-02	7.125847e-02	7.068859e-02	1.230370e-01	
6.772857e-02	6.636531e-02	6.646420e-02	6.704974e-02	6.744973e-02	6.774338e-02	6.799143e-02	6.824860e-02	6.857608e-02	6.905514e-02	1.217340e-01	
1.150199e-01	1.090647e-01	1.105779e-01	1.125209e-01	1.138449e-01	1.148308e-01	1.156901e-01	1.166131e-01	1.178126e-01	1.195709e-01	1.209606e-01	
6.351132e-02	1.082768e-01	6.226708e-02	6.284325e-02	6.323849e-02	6.353063e-02	6.377769e-02	6.403217e-02	6.435341e-02	6.482026e-02	6.486996e-02	
5.926664e-02	1.069491e-01	6.059911e-02	6.010829e-02	5.978261e-02	5.953364e-02	5.929398e-02	5.900372e-02	5.859826e-02	5.799677e-02	5.788974e-02	
1.001281e-01	1.061611e-01	1.047251e-01	1.029305e-01	1.017285e-01	1.008183e-01	9.997209e-02	9.898635e-02	9.763934e-02	9.564456e-02	9.409175e-02	
5.493520e-02	5.627743e-02	5.620783e-02	5.576473e-02	5.548477e-02	5.527609e-02	5.506857e-02	5.479913e-02	5.439776e-02	5.377164e-02	9.329113e-02	
5.053762e-02	4.900981e-02	4.910608e-02	4.982052e-02	5.035287e-02	5.076582e-02	5.110925e-02	5.142622e-02	5.175981e-02	5.215997e-02	9.194203e-02	
8.470011e-02	7.816555e-02	7.982277e-02	8.209453e-02	8.373903e-02	8.500726e-02	8.609174e-02	8.716096e-02	8.838947e-02	8.998988e-02	9.114135e-02	
4.652149e-02	7.730141e-02	4.443748e-02	4.539659e-02	4.610078e-02	4.664398e-02	4.710849e-02	4.756648e-02	4.809270e-02	4.877352e-02	4.857262e-02	
4.290731e-02	7.584518e-02	4.221275e-02	4.250155e-02	4.273655e-02	4.291810e-02	4.307337e-02	4.322645e-02	4.340235e-02	4.362832e-02	4.345395e-02	
7.201137e-02	7.498077e-02	7.200846e-02	7.194397e-02	7.194429e-02	7.194511e-02	7.194581e-02	7.194650e-02	7.194731e-02	7.194881e-02	7.197124e-02	
