8.547432e-01	8.550611e-01	8.552572e-01	8.552714e-01	8.552784e-01	8.552842e-01	8.552898e-01	8.552961e-01	8.552965e-01	8.547668e-01	8.355156e-01	
4.768473e-01	4.734659e-01	4.724462e-01	4.739978e-01	4.751862e-01	4.761911e-01	4.771732e-01	4.782833e-01	4.796849e-01	4.813070e-01	8.302422e-01	
4.542130e-01	4.414341e-01	4.403795e-01	4.450230e-01	4.485570e-01	4.515442e-01	4.544622e-01	4.577589e-01	4.619315e-01	4.675068e-01	8.213566e-01	
7.756486e-01	7.355293e-01	7.433513e-01	7.541902e-01	7.623844e-01	7.693072e-01	7.760648e-01	7.836956e-01	7.933551e-01	8.065239e-01	8.160830e-01	
4.287104e-01	7.304734e-01	4.189166e-01	4.217803e-01	4.240836e-01	4.261636e-01	4.282971e-01	4.307469e-01	4.338025e-01	4.378174e-01	4.381908e-01	
4.009329e-01	7.219539e-01	4.085757e-01	4.047577e-01	4.022856e-01	4.005911e-01	3.992368e-01	3.978207e-01	3.958882e-01	3.928418e-01	3.923375e-01	
6.786320e-01	7.168978e-01	7.072352e-01	6.947780e-01	6.863181e-01	6.800761e-01	6.746668e-01	6.688095e-01	6.610626e-01	6.495267e-01	6.403365e-01	
3.732439e-01	3.820214e-01	3.813653e-01	3.774918e-01	3.748626e-01	3.729770e-01	3.714310e-01	3.698444e-01	3.677855e-01	3.646881e-01	6.353268e-01	
3.462461e-01	3.376527e-01	3.378319e-01	3.405048e-01	3.423493e-01	3.438664e-01	3.454320e-01	3.473746e-01	3.500527e-01	3.539444e-01	6.268860e-01	
5.842910e-01	5.468768e-01	5.551987e-01	5.656564e-01	5.728146e-01	5.784503e-01	5.839004e-01	5.903579e-01	5.991392e-01	6.119824e-01	6.218770e-01	
3.194784e-01	5.420519e-01	3.106636e-01	3.132669e-01	3.150589e-01	3.165605e-01	3.181660e-01	3.202248e-01	3.231195e-01	3.273435e-01	3.281417e-01	
2.934604e-01	5.339231e-01	3.003612e-01	2.962545e-01	2.934662e-01	2.915311e-01	2.900996e-01	2.888520e-01	2.874281e-01	2.853549e-01	2.853557e-01	
4.933087e-01	5.290998e-01	5.191698e-01	5.062031e-01	4.973670e-01	4.910012e-01	4.858443e-01	4.807529e-01	4.744478e-01	4.652341e-01	4.578056e-01	
2.680410e-01	2.762965e-01	2.753472e-01	2.708831e-01	2.678371e-01	2.657337e-01	2.642009e-01	2.628993e-01	2.614469e-01	2.593441e-01	4.532766e-01	
2.436280e-01	2.361447e-01	2.359785e-01	2.374742e-01	2.385080e-01	2.395148e-01	2.408240e-01	2.427270e-01	2.455426e-01	2.496999e-01	4.456469e-01	
4.078568e-01	3.749637e-01	3.814440e-01	3.893699e-01	3.947975e-01	3.993059e-01	4.040843e-01	4.101953e-01	4.188103e-01	4.314729e-01	4.411200e-01	
2.200904e-01	3.708101e-01	2.117629e-01	2.134052e-01	2.145469e-01	2.156550e-01	2.170879e-01	2.191634e-01	2.222295e-01	2.267312e-01	2.277654e-01	
1.977041e-01	3.638133e-01	2.029548e-01	1.989099e-01	1.961772e-01	1.943692e-01	1.931994e-01	1.924059e-01	1.916921e-01	1.906646e-01	1.909398e-01	
3.294049e-01	3.596622e-01	3.505713e-01	3.385964e-01	3.304626e-01	3.247634e-01	3.204320e-01	3.165010e-01	3.118861e-01	3.051461e-01	2.995601e-01	
1.763715e-01	1.833501e-01	1.822985e-01	1.779554e-01	1.750022e-01	1.730317e-01	1.717254e-01	1.707920e-01	1.699030e-01	1.686313e-01	2.958224e-01	
1.562300e-01	1.502096e-01	1.498854e-01	1.505867e-01	1.510766e-01	1.517055e-01	1.527367e-01	1.544023e-01	1.569562e-01	1.607442e-01	2.895266e-01	
2.587185e-01	2.320614e-01	2.368770e-01	2.426251e-01	2.465577e-01	2.499690e-01	2.538313e-01	2.590118e-01	2.664673e-01	2.774604e-01	2.857915e-01	
1.372123e-01	2.287412e-01	1.302065e-01	1.312209e-01	1.319324e-01	1.327245e-01	1.338922e-01	1.356970e-01	1.384253e-01	1.424436e-01	1.434490e-01	
1.193235e-01	2.231489e-01	1.232397e-01	1.198181e-01	1.175154e-01	1.160243e-01	1.151203e-01	1.145983e-01	1.142259e-01	1.136935e-01	1.140076e-01	
1.958357e-01	2.198314e-01	2.123800e-01	2.025530e-01	1.958988e-01	1.912916e-01	1.878799e-01	1.848927e-01	1.814657e-01	1.764479e-01	1.722241e-01	
1.025238e-01	1.080389e-01	1.071334e-01	1.035645e-01	1.011456e-01	9.954969e-02	9.852182e-02	9.782958e-02	9.721131e-02	9.632726e-02	1.692876e-01	
8.670204e-02	8.199181e-02	8.174090e-02	8.226534e-02	8.263173e-02	8.311373e-02	8.391597e-02	8.521960e-02	8.722427e-02	9.020496e-02	1.643417e-01	
1.401215e-01	1.191573e-01	1.230059e-01	1.276022e-01	1.307389e-01	1.334375e-01	1.364630e-01	1.404988e-01	1.463026e-01	1.548807e-01	1.614075e-01	
7.184630e-02	1.165397e-01	6.644477e-02	6.732910e-02	6.795239e-02	6.860886e-02	6.952335e-02	7.089642e-02	7.295123e-02	7.597867e-02	7.673155e-02	
5.775257e-02	1.121307e-01	6.101078e-02	5.850401e-02	5.684362e-02	5.576357e-02	5.506821e-02	5.458225e-02	5.411355e-02	5.341453e-02	5.353252e-02	
9.040711e-02	1.095149e-01	1.038285e-01	9.647210e-02	9.155642e-02	8.813335e-02	8.548680e-02	8.297599e-02	7.989575e-02	7.532412e-02	7.156044e-02	
4.430804e-02	4.857783e-02	4.795663e-02	4.559523e-02	4.405738e-02	4.305130e-02	4.235342e-02	4.176224e-02	4.105223e-02	3.992776e-02	6.917523e-02	
3.123886e-02	2.696655e-02	2.697810e-02	2.826255e-02	2.925549e-02	3.013745e-02	3.104986e-02	3.211498e-02	3.345599e-02	3.522340e-02	6.515715e-02	
4.424127e-02	2.562321e-02	2.975342e-02	3.527883e-02	3.928594e-02	4.252219e-02	4.555880e-02	4.889688e-02	5.306099e-02	5.869907e-02	6.277314e-02	
1.979772e-02	2.322356e-02	1.367982e-02	1.596855e-02	1.765698e-02	1.902235e-02	2.030608e-02	2.172036e-02	2.348728e-02	2.586771e-02	2.556930e-02	
9.704838e-03	1.918032e-02	7.685465e-03	8.351586e-03	8.907482e-03	9.358216e-03	9.782718e-03	1.025124e-02	1.083729e-02	1.162267e-02	1.121133e-02	
8.536913e-03	1.678057e-02	8.528431e-03	8.348781e-03	8.349240e-03	8.351259e-03	8.353182e-03	8.355305e-03	8.357974e-03	8.362858e-03	8.425348e-03	
