2.078095e-01	2.078432e-01	2.078641e-01	2.078657e-01	2.078665e-01	2.078671e-01	2.078677e-01	2.078683e-01	2.078683e-01	2.078120e-01	2.057696e-01	
1.173936e-01	1.170379e-01	1.169374e-01	1.171157e-01	1.172500e-01	1.173598e-01	1.174624e-01	1.175742e-01	1.177128e-01	1.178717e-01	2.052101e-01	
1.149920e-01	1.136341e-01	1.135475e-01	1.140835e-01	1.144850e-01	1.148133e-01	1.151203e-01	1.154545e-01	1.158703e-01	1.164259e-01	2.042674e-01	
1.993779e-01	1.950678e-01	1.959776e-01	1.972364e-01	1.981738e-01	1.989403e-01	1.996568e-01	2.004370e-01	2.014080e-01	2.027337e-01	2.037079e-01	
1.122740e-01	1.945173e-01	1.112905e-01	1.116578e-01	1.119423e-01	1.121802e-01	1.124011e-01	1.126330e-01	1.129076e-01	1.132635e-01	1.132795e-01	
1.092529e-01	1.935896e-01	1.101794e-01	1.098427e-01	1.096261e-01	1.094651e-01	1.093099e-01	1.091153e-01	1.088306e-01	1.083892e-01	1.082897e-01	
1.887790e-01	1.930389e-01	1.920790e-01	1.908718e-01	1.900535e-01	1.894218e-01	1.888204e-01	1.881060e-01	1.871174e-01	1.856419e-01	1.844869e-01	
1.061866e-01	1.071534e-01	1.071303e-01	1.068327e-01	1.066310e-01	1.064695e-01	1.063041e-01	1.060939e-01	1.057925e-01	1.053383e-01	1.839122e-01	
1.030898e-01	1.020606e-01	1.021516e-01	1.026336e-01	1.029625e-01	1.031991e-01	1.033893e-01	1.035742e-01	1.037987e-01	1.041223e-01	1.829438e-01	
1.779143e-01	1.734350e-01	1.746215e-01	1.761527e-01	1.771938e-01	1.779570e-01	1.786020e-01	1.792719e-01	1.801259e-01	1.813749e-01	1.823690e-01	
9.992218e-02	1.728373e-01	9.902494e-02	9.949429e-02	9.981242e-02	1.000396e-01	1.002204e-01	1.003948e-01	1.006072e-01	1.009158e-01	1.009367e-01	
9.669906e-02	1.718300e-01	9.776211e-02	9.742052e-02	9.718651e-02	9.699675e-02	9.680292e-02	9.656148e-02	9.622396e-02	9.572751e-02	9.563360e-02	
1.666065e-01	1.712321e-01	1.701904e-01	1.688809e-01	1.679873e-01	1.672896e-01	1.666218e-01	1.658345e-01	1.647614e-01	1.631824e-01	1.619579e-01	
9.340945e-02	9.446311e-02	9.443766e-02	9.410893e-02	9.388341e-02	9.370032e-02	9.351308e-02	9.327976e-02	9.295371e-02	9.247248e-02	1.613384e-01	
9.006924e-02	8.896746e-02	8.906078e-02	8.956555e-02	8.990913e-02	9.015627e-02	9.035681e-02	9.055558e-02	9.080240e-02	9.116282e-02	1.602943e-01	
1.548878e-01	1.500801e-01	1.513366e-01	1.529552e-01	1.540557e-01	1.548656e-01	1.555566e-01	1.562834e-01	1.572177e-01	1.585870e-01	1.596746e-01	
8.666645e-02	1.494403e-01	8.569001e-02	8.618010e-02	8.651240e-02	8.675151e-02	8.694570e-02	8.713839e-02	8.737787e-02	8.772716e-02	8.775723e-02	
8.321752e-02	1.483622e-01	8.433772e-02	8.395867e-02	8.369934e-02	8.349219e-02	8.328592e-02	8.303440e-02	8.268636e-02	8.217517e-02	8.208267e-02	
1.427877e-01	1.477224e-01	1.465915e-01	1.451656e-01	1.441930e-01	1.434391e-01	1.427269e-01	1.418971e-01	1.407727e-01	1.391190e-01	1.378340e-01	
7.971050e-02	8.083533e-02	8.080063e-02	8.043150e-02	8.017859e-02	7.997682e-02	7.977632e-02	7.953226e-02	7.919479e-02	7.869728e-02	1.371758e-01	
7.616230e-02	7.499745e-02	7.508884e-02	7.560498e-02	7.595651e-02	7.621175e-02	7.642324e-02	7.663828e-02	7.690945e-02	7.730608e-02	1.360667e-01	
1.303394e-01	1.252531e-01	1.265632e-01	1.282474e-01	1.293928e-01	1.302403e-01	1.309717e-01	1.317507e-01	1.327590e-01	1.342375e-01	1.354084e-01	
7.256064e-02	1.245783e-01	7.151342e-02	7.201704e-02	7.235886e-02	7.260730e-02	7.281362e-02	7.302393e-02	7.328950e-02	7.367731e-02	7.371650e-02	
6.892288e-02	1.234412e-01	7.008711e-02	6.967413e-02	6.939208e-02	6.916997e-02	6.895399e-02	6.869574e-02	6.834149e-02	6.782149e-02	6.773128e-02	
1.175768e-01	1.227663e-01	1.215585e-01	1.200317e-01	1.189911e-01	1.181897e-01	1.174414e-01	1.165784e-01	1.154148e-01	1.137041e-01	1.123720e-01	
6.523589e-02	6.641929e-02	6.637568e-02	6.597088e-02	6.569419e-02	6.547678e-02	6.526581e-02	6.501380e-02	6.466813e-02	6.415877e-02	1.116824e-01	
6.151742e-02	6.030114e-02	6.039000e-02	6.091395e-02	6.127183e-02	6.153434e-02	6.175569e-02	6.198470e-02	6.227598e-02	6.270203e-02	1.105203e-01	
1.045310e-01	9.921799e-02	1.005697e-01	1.023057e-01	1.034887e-01	1.043691e-01	1.051356e-01	1.059582e-01	1.070265e-01	1.085925e-01	1.098306e-01	
5.775522e-02	9.851489e-02	5.664648e-02	5.716187e-02	5.751539e-02	5.777644e-02	5.799678e-02	5.822322e-02	5.850868e-02	5.892349e-02	5.896715e-02	
5.396732e-02	9.733010e-02	5.515805e-02	5.472134e-02	5.443156e-02	5.420977e-02	5.399578e-02	5.373609e-02	5.337301e-02	5.283435e-02	5.273809e-02	
9.124160e-02	9.662692e-02	9.534693e-02	9.374773e-02	9.267656e-02	9.186504e-02	9.110967e-02	9.022881e-02	8.902451e-02	8.724097e-02	8.585286e-02	
5.010080e-02	5.129879e-02	5.123736e-02	5.084360e-02	5.059488e-02	5.040925e-02	5.022412e-02	4.998319e-02	4.962396e-02	4.906356e-02	8.513794e-02	
4.617390e-02	4.480899e-02	4.489567e-02	4.553556e-02	4.601221e-02	4.638169e-02	4.668857e-02	4.697133e-02	4.726843e-02	4.762446e-02	8.393323e-02	
7.746474e-02	7.162724e-02	7.310947e-02	7.514147e-02	7.661223e-02	7.774600e-02	7.871482e-02	7.966913e-02	8.076483e-02	8.219169e-02	8.321824e-02	
4.258687e-02	7.085510e-02	4.072597e-02	4.158387e-02	4.221365e-02	4.269925e-02	4.311421e-02	4.352298e-02	4.399230e-02	4.459928e-02	4.441917e-02	
3.935788e-02	6.955389e-02	3.873769e-02	3.899605e-02	3.920621e-02	3.936851e-02	3.950721e-02	3.964384e-02	3.980071e-02	4.000217e-02	3.984624e-02	
6.612819e-02	6.878149e-02	6.612560e-02	6.606797e-02	6.606826e-02	6.606899e-02	6.606962e-02	6.607024e-02	6.607095e-02	6.607229e-02	6.609233e-02	
