4.862280e-01	4.863240e-01	4.863833e-01	4.863878e-01	4.863901e-01	4.863919e-01	4.863936e-01	4.863954e-01	4.863953e-01	4.862352e-01	4.804222e-01	
2.741101e-01	2.730974e-01	2.728104e-01	2.733159e-01	2.736970e-01	2.740091e-01	2.743014e-01	2.746203e-01	2.750163e-01	2.754702e-01	4.788299e-01	
2.672750e-01	2.634104e-01	2.631604e-01	2.646800e-01	2.658192e-01	2.667522e-01	2.676261e-01	2.685795e-01	2.697665e-01	2.713529e-01	4.761469e-01	
4.622365e-01	4.499771e-01	4.525551e-01	4.561224e-01	4.587809e-01	4.609580e-01	4.629974e-01	4.652220e-01	4.679931e-01	4.717760e-01	4.745544e-01	
2.595408e-01	4.484124e-01	2.567339e-01	2.577705e-01	2.585746e-01	2.592494e-01	2.598788e-01	2.605429e-01	2.613310e-01	2.623538e-01	2.624027e-01	
2.509528e-01	4.457753e-01	2.535733e-01	2.526055e-01	2.519826e-01	2.515215e-01	2.510814e-01	2.505340e-01	2.497349e-01	2.484953e-01	2.482189e-01	
4.321147e-01	4.442101e-01	4.414685e-01	4.380158e-01	4.356752e-01	4.338729e-01	4.321653e-01	4.301453e-01	4.273557e-01	4.231930e-01	4.199323e-01	
2.422440e-01	2.449907e-01	2.449180e-01	2.440546e-01	2.434692e-01	2.430040e-01	2.425334e-01	2.419410e-01	2.410953e-01	2.398208e-01	4.183031e-01	
2.334641e-01	2.305523e-01	2.308003e-01	2.321423e-01	2.330585e-01	2.337206e-01	2.342587e-01	2.347880e-01	2.354360e-01	2.363704e-01	4.155575e-01	
4.013190e-01	3.886472e-01	3.919771e-01	3.962702e-01	3.991901e-01	4.013371e-01	4.031630e-01	4.050726e-01	4.075158e-01	4.110891e-01	4.139279e-01	
2.244968e-01	3.869592e-01	2.219361e-01	2.232420e-01	2.241278e-01	2.247639e-01	2.252771e-01	2.257806e-01	2.264003e-01	2.273007e-01	2.273703e-01	
2.153938e-01	3.841144e-01	2.183669e-01	2.173785e-01	2.167019e-01	2.161589e-01	2.156137e-01	2.149439e-01	2.140132e-01	2.126450e-01	2.123936e-01	
3.693903e-01	3.824259e-01	3.794562e-01	3.757142e-01	3.731607e-01	3.711769e-01	3.692950e-01	3.670941e-01	3.641062e-01	3.597117e-01	3.562993e-01	
2.061225e-01	2.090943e-01	2.090086e-01	2.080464e-01	2.073867e-01	2.068580e-01	2.063287e-01	2.056802e-01	2.047809e-01	2.034546e-01	3.545582e-01	
1.967363e-01	1.936516e-01	1.938964e-01	1.952715e-01	1.962080e-01	1.968870e-01	1.974476e-01	1.980151e-01	1.987287e-01	1.997716e-01	3.516243e-01	
3.364676e-01	3.230048e-01	3.264783e-01	3.309452e-01	3.339837e-01	3.362307e-01	3.381674e-01	3.402263e-01	3.428888e-01	3.467916e-01	3.498830e-01	
1.871996e-01	3.212182e-01	1.844293e-01	1.857656e-01	1.866725e-01	1.873312e-01	1.878775e-01	1.884333e-01	1.891343e-01	1.901576e-01	1.902594e-01	
1.775674e-01	3.182073e-01	1.806498e-01	1.795546e-01	1.788062e-01	1.782168e-01	1.776443e-01	1.769608e-01	1.760241e-01	1.746493e-01	1.744120e-01	
3.026821e-01	3.164204e-01	3.132197e-01	3.091712e-01	3.064103e-01	3.042849e-01	3.023024e-01	3.000197e-01	2.969443e-01	2.924242e-01	2.889041e-01	
1.678045e-01	1.709392e-01	1.708216e-01	1.697409e-01	1.690012e-01	1.684207e-01	1.678602e-01	1.671944e-01	1.662841e-01	1.649436e-01	2.870793e-01	
1.579666e-01	1.547535e-01	1.549822e-01	1.563511e-01	1.572842e-01	1.579696e-01	1.585516e-01	1.591605e-01	1.599408e-01	1.610835e-01	2.840042e-01	
2.681752e-01	2.541395e-01	2.576918e-01	2.622466e-01	2.653464e-01	2.676555e-01	2.696758e-01	2.718587e-01	2.747062e-01	2.788828e-01	2.821791e-01	
1.480181e-01	2.522840e-01	1.450788e-01	1.464184e-01	1.473287e-01	1.479991e-01	1.485717e-01	1.491744e-01	1.499493e-01	1.510821e-01	1.512148e-01	
1.380155e-01	2.491574e-01	1.411543e-01	1.399694e-01	1.391613e-01	1.385360e-01	1.379472e-01	1.372627e-01	1.363364e-01	1.349779e-01	1.347581e-01	
2.330900e-01	2.473018e-01	2.439239e-01	2.396377e-01	2.367171e-01	2.344873e-01	2.324384e-01	2.301122e-01	2.269994e-01	2.224261e-01	2.188547e-01	
1.279211e-01	1.311657e-01	1.310184e-01	1.298403e-01	1.290357e-01	1.284158e-01	1.278351e-01	1.271631e-01	1.262551e-01	1.249191e-01	2.169762e-01	
1.177920e-01	1.145003e-01	1.147109e-01	1.160578e-01	1.169790e-01	1.176651e-01	1.182622e-01	1.189022e-01	1.197322e-01	1.209482e-01	2.138108e-01	
1.975606e-01	1.831732e-01	1.867535e-01	1.913364e-01	1.944616e-01	1.968074e-01	1.988851e-01	2.011551e-01	2.041311e-01	2.084957e-01	2.119321e-01	
1.075927e-01	1.812778e-01	1.045286e-01	1.058610e-01	1.067766e-01	1.074640e-01	1.080643e-01	1.087053e-01	1.095311e-01	1.107334e-01	1.108830e-01	
9.738053e-02	1.780838e-01	1.005139e-01	9.927640e-02	9.845525e-02	9.783931e-02	9.726809e-02	9.659905e-02	9.567866e-02	9.431461e-02	9.408993e-02	
1.617397e-01	1.761882e-01	1.726691e-01	1.682516e-01	1.652923e-01	1.630719e-01	1.610453e-01	1.587259e-01	1.555840e-01	1.509349e-01	1.473044e-01	
8.701214e-02	9.023237e-02	9.003545e-02	8.889710e-02	8.817437e-02	8.764638e-02	8.714452e-02	8.651754e-02	8.559788e-02	8.416441e-02	1.453986e-01	
7.654456e-02	7.293536e-02	7.313291e-02	7.474970e-02	7.596045e-02	7.691160e-02	7.771995e-02	7.848708e-02	7.931542e-02	8.032521e-02	1.421872e-01	
1.250230e-01	1.095708e-01	1.134109e-01	1.186703e-01	1.224853e-01	1.254473e-01	1.280112e-01	1.305764e-01	1.335588e-01	1.374671e-01	1.402814e-01	
6.701770e-02	1.075357e-01	6.205455e-02	6.427440e-02	6.590844e-02	6.717750e-02	6.827600e-02	6.937510e-02	7.065301e-02	7.231647e-02	7.186929e-02	
5.848684e-02	1.041063e-01	5.683230e-02	5.749915e-02	5.804455e-02	5.846882e-02	5.883608e-02	5.920356e-02	5.963082e-02	6.018318e-02	5.977813e-02	
9.507794e-02	1.020706e-01	9.507101e-02	9.491908e-02	9.491980e-02	9.492170e-02	9.492336e-02	9.492503e-02	9.492698e-02	9.493061e-02	9.498343e-02	
