4.564374e-01	4.565254e-01	4.565798e-01	4.565839e-01	4.565859e-01	4.565876e-01	4.565891e-01	4.565908e-01	4.565907e-01	4.564440e-01	4.511177e-01	
2.573870e-01	2.564591e-01	2.561963e-01	2.566596e-01	2.570089e-01	2.572949e-01	2.575628e-01	2.578549e-01	2.582176e-01	2.586333e-01	4.496587e-01	
2.511241e-01	2.475831e-01	2.473544e-01	2.487474e-01	2.497916e-01	2.506466e-01	2.514473e-01	2.523206e-01	2.534079e-01	2.548610e-01	4.472003e-01	
4.344539e-01	4.232201e-01	4.255834e-01	4.288537e-01	4.312906e-01	4.332859e-01	4.351545e-01	4.371925e-01	4.397308e-01	4.431960e-01	4.457412e-01	
2.440372e-01	4.217861e-01	2.414662e-01	2.424169e-01	2.431542e-01	2.437728e-01	2.443494e-01	2.449575e-01	2.456790e-01	2.466151e-01	2.466596e-01	
2.361672e-01	4.193695e-01	2.385700e-01	2.376842e-01	2.371142e-01	2.366920e-01	2.362885e-01	2.357863e-01	2.350530e-01	2.339153e-01	2.336614e-01	
4.068493e-01	4.179351e-01	4.154240e-01	4.122621e-01	4.101187e-01	4.084677e-01	4.069027e-01	4.050504e-01	4.024918e-01	3.986738e-01	3.956833e-01	
2.281855e-01	2.307028e-01	2.306369e-01	2.298476e-01	2.293124e-01	2.288866e-01	2.284555e-01	2.279121e-01	2.271358e-01	2.259661e-01	3.941898e-01	
2.201371e-01	2.174673e-01	2.176957e-01	2.189285e-01	2.197701e-01	2.203779e-01	2.208713e-01	2.213560e-01	2.219488e-01	2.228036e-01	3.916730e-01	
3.786185e-01	3.669996e-01	3.700557e-01	3.739961e-01	3.766761e-01	3.786460e-01	3.803200e-01	3.820695e-01	3.843068e-01	3.875790e-01	3.901791e-01	
2.119155e-01	3.654515e-01	2.095699e-01	2.107697e-01	2.115834e-01	2.121674e-01	2.126377e-01	2.130983e-01	2.136645e-01	2.144872e-01	2.145499e-01	
2.035673e-01	3.628425e-01	2.062969e-01	2.053930e-01	2.047742e-01	2.042769e-01	2.037767e-01	2.031611e-01	2.023053e-01	2.010469e-01	2.008148e-01	
3.493362e-01	3.612940e-01	3.585735e-01	3.551463e-01	3.528077e-01	3.509898e-01	3.492635e-01	3.472427e-01	3.444979e-01	3.404609e-01	3.373265e-01	
1.950626e-01	1.977884e-01	1.977113e-01	1.968324e-01	1.962299e-01	1.957462e-01	1.952608e-01	1.946650e-01	1.938380e-01	1.926182e-01	3.357289e-01	
1.864495e-01	1.836177e-01	1.838443e-01	1.851106e-01	1.859731e-01	1.865978e-01	1.871126e-01	1.876324e-01	1.882850e-01	1.892389e-01	3.330366e-01	
3.191247e-01	3.067658e-01	3.099592e-01	3.140669e-01	3.168609e-01	3.189258e-01	3.207035e-01	3.225911e-01	3.250303e-01	3.286058e-01	3.314387e-01	
1.776957e-01	3.051251e-01	1.751564e-01	1.763870e-01	1.772220e-01	1.778279e-01	1.783291e-01	1.788376e-01	1.794779e-01	1.804125e-01	1.805040e-01	
1.688506e-01	3.023603e-01	1.716861e-01	1.706843e-01	1.699996e-01	1.694595e-01	1.689335e-01	1.683038e-01	1.674398e-01	1.661717e-01	1.659515e-01	
2.880991e-01	3.007194e-01	2.977848e-01	2.940742e-01	2.915437e-01	2.895941e-01	2.877729e-01	2.856730e-01	2.828420e-01	2.786808e-01	2.754410e-01	
1.598821e-01	1.627614e-01	1.626556e-01	1.616686e-01	1.609929e-01	1.604617e-01	1.599470e-01	1.593339e-01	1.584946e-01	1.572583e-01	2.737638e-01	
1.508405e-01	1.478857e-01	1.480986e-01	1.493633e-01	1.502254e-01	1.508577e-01	1.513931e-01	1.519513e-01	1.526654e-01	1.537110e-01	2.709376e-01	
2.563843e-01	2.434774e-01	2.467509e-01	2.509494e-01	2.538065e-01	2.559331e-01	2.577907e-01	2.597944e-01	2.624058e-01	2.662361e-01	2.692603e-01	
1.416932e-01	2.417705e-01	1.389956e-01	1.402329e-01	1.410736e-01	1.416917e-01	1.422179e-01	1.427697e-01	1.434778e-01	1.445126e-01	1.446320e-01	
1.324912e-01	2.388941e-01	1.353855e-01	1.343008e-01	1.335609e-01	1.329873e-01	1.324450e-01	1.318126e-01	1.309552e-01	1.296977e-01	1.294924e-01	
2.241065e-01	2.371870e-01	2.340856e-01	2.301521e-01	2.274717e-01	2.254232e-01	2.235374e-01	2.213923e-01	2.185192e-01	2.142977e-01	2.110023e-01	
1.232000e-01	1.261859e-01	1.260534e-01	1.249766e-01	1.242412e-01	1.236732e-01	1.231391e-01	1.225186e-01	1.216787e-01	1.204426e-01	2.092722e-01	
1.138712e-01	1.108373e-01	1.110346e-01	1.122840e-01	1.131382e-01	1.137733e-01	1.143239e-01	1.149115e-01	1.156719e-01	1.167858e-01	2.063569e-01	
1.913836e-01	1.781237e-01	1.814322e-01	1.856691e-01	1.885579e-01	1.907241e-01	1.926388e-01	1.947262e-01	1.974598e-01	2.014688e-01	2.046267e-01	
1.044724e-01	1.763758e-01	1.016553e-01	1.028902e-01	1.037386e-01	1.043744e-01	1.049272e-01	1.055149e-01	1.062702e-01	1.073695e-01	1.075040e-01	
9.505555e-02	1.734305e-01	9.795345e-02	9.681894e-02	9.606616e-02	9.550018e-02	9.497281e-02	9.435244e-02	9.349724e-02	9.222965e-02	9.201862e-02	
1.583514e-01	1.716826e-01	1.684451e-01	1.643833e-01	1.616624e-01	1.596186e-01	1.577486e-01	1.556038e-01	1.526949e-01	1.483902e-01	1.450301e-01	
8.548843e-02	8.845894e-02	8.828083e-02	8.723962e-02	8.657896e-02	8.609514e-02	8.563267e-02	8.505201e-02	8.419856e-02	8.286816e-02	1.432703e-01	
7.582281e-02	7.248686e-02	7.267303e-02	7.417591e-02	7.530060e-02	7.618265e-02	7.693016e-02	7.763702e-02	7.839781e-02	7.932344e-02	1.403049e-01	
1.244470e-01	1.101665e-01	1.137248e-01	1.185989e-01	1.221334e-01	1.248752e-01	1.272448e-01	1.296110e-01	1.323580e-01	1.359552e-01	1.385451e-01	
6.702194e-02	1.082847e-01	6.243934e-02	6.449662e-02	6.601048e-02	6.718515e-02	6.820035e-02	6.921418e-02	7.039117e-02	7.192209e-02	7.150548e-02	
5.913610e-02	1.051136e-01	5.760848e-02	5.822668e-02	5.873196e-02	5.912466e-02	5.946406e-02	5.980301e-02	6.019652e-02	6.070485e-02	6.032963e-02	
9.676544e-02	1.032314e-01	9.675904e-02	9.661856e-02	9.661923e-02	9.662099e-02	9.662253e-02	9.662407e-02	9.662586e-02	9.662921e-02	9.667805e-02	
