2.789525e-01	2.789996e-01	2.790287e-01	2.790309e-01	2.790320e-01	2.790329e-01	2.790337e-01	2.790346e-01	2.790345e-01	2.789560e-01	2.761062e-01	
1.575238e-01	1.570275e-01	1.568873e-01	1.571358e-01	1.573230e-01	1.574762e-01	1.576194e-01	1.577755e-01	1.579691e-01	1.581909e-01	2.753256e-01	
1.541729e-01	1.522782e-01	1.521570e-01	1.529043e-01	1.534642e-01	1.539221e-01	1.543505e-01	1.548170e-01	1.553975e-01	1.561734e-01	2.740102e-01	
2.671884e-01	2.611752e-01	2.624434e-01	2.641983e-01	2.655053e-01	2.665743e-01	2.675741e-01	2.686632e-01	2.700188e-01	2.718695e-01	2.732295e-01	
1.503806e-01	2.604073e-01	1.490075e-01	1.495191e-01	1.499154e-01	1.502472e-01	1.505554e-01	1.508795e-01	1.512633e-01	1.517609e-01	1.517836e-01	
1.461662e-01	2.591131e-01	1.474573e-01	1.469866e-01	1.466837e-01	1.464587e-01	1.462423e-01	1.459715e-01	1.455754e-01	1.449611e-01	1.448231e-01	
2.524039e-01	2.583450e-01	2.570046e-01	2.553184e-01	2.541754e-01	2.532935e-01	2.524549e-01	2.514594e-01	2.500824e-01	2.480274e-01	2.464185e-01	
1.418896e-01	1.432382e-01	1.432052e-01	1.427883e-01	1.425057e-01	1.422797e-01	1.420490e-01	1.417562e-01	1.413370e-01	1.407051e-01	2.456173e-01	
1.375721e-01	1.361378e-01	1.362637e-01	1.369332e-01	1.373900e-01	1.377190e-01	1.379841e-01	1.382424e-01	1.385566e-01	1.390094e-01	2.442672e-01	
2.372571e-01	2.310150e-01	2.326658e-01	2.347956e-01	2.362439e-01	2.373061e-01	2.382051e-01	2.391402e-01	2.403331e-01	2.420777e-01	2.434658e-01	
1.331572e-01	2.301823e-01	1.319045e-01	1.325564e-01	1.329982e-01	1.333141e-01	1.335662e-01	1.338104e-01	1.341083e-01	1.345411e-01	1.345713e-01	
1.286671e-01	2.287791e-01	1.301450e-01	1.296667e-01	1.293391e-01	1.290741e-01	1.288043e-01	1.284692e-01	1.280013e-01	1.273132e-01	1.271837e-01	
2.215052e-01	2.279462e-01	2.264922e-01	2.246635e-01	2.234156e-01	2.224423e-01	2.215124e-01	2.204179e-01	2.189274e-01	2.167344e-01	2.150333e-01	
1.240864e-01	1.255538e-01	1.255169e-01	1.250555e-01	1.247390e-01	1.244828e-01	1.242219e-01	1.238979e-01	1.234459e-01	1.227789e-01	2.141711e-01	
1.194381e-01	1.179060e-01	1.180341e-01	1.187321e-01	1.192072e-01	1.195496e-01	1.198284e-01	1.201059e-01	1.204514e-01	1.209561e-01	2.127181e-01	
2.051980e-01	1.985123e-01	2.002549e-01	2.024992e-01	2.040251e-01	2.051492e-01	2.061104e-01	2.071234e-01	2.084274e-01	2.103386e-01	2.118557e-01	
1.147053e-01	1.976231e-01	1.133437e-01	1.140215e-01	1.144812e-01	1.148126e-01	1.150829e-01	1.153525e-01	1.156887e-01	1.161791e-01	1.162227e-01	
1.099117e-01	1.961247e-01	1.114639e-01	1.109334e-01	1.105704e-01	1.102814e-01	1.099951e-01	1.096475e-01	1.091674e-01	1.084623e-01	1.083359e-01	
1.883814e-01	1.952354e-01	1.936593e-01	1.916708e-01	1.903144e-01	1.892646e-01	1.882754e-01	1.871256e-01	1.855694e-01	1.832812e-01	1.815022e-01	
1.050407e-01	1.066034e-01	1.065530e-01	1.060349e-01	1.056799e-01	1.053978e-01	1.051191e-01	1.047815e-01	1.043157e-01	1.036293e-01	1.805888e-01	
1.001165e-01	9.850165e-02	9.862596e-02	9.933589e-02	9.981949e-02	1.001714e-01	1.004645e-01	1.007642e-01	1.011434e-01	1.016983e-01	1.790496e-01	
1.711065e-01	1.640546e-01	1.658646e-01	1.681900e-01	1.697718e-01	1.709438e-01	1.719581e-01	1.730415e-01	1.744461e-01	1.765059e-01	1.781360e-01	
9.512203e-02	1.631197e-01	9.366504e-02	9.435814e-02	9.482868e-02	9.517158e-02	9.545796e-02	9.575183e-02	9.612435e-02	9.666843e-02	9.672529e-02	
9.008213e-02	1.615444e-01	9.168869e-02	9.111149e-02	9.071738e-02	9.040818e-02	9.010946e-02	8.975430e-02	8.926841e-02	8.855528e-02	8.843320e-02	
1.534254e-01	1.606093e-01	1.589301e-01	1.568059e-01	1.553580e-01	1.542451e-01	1.532092e-01	1.520185e-01	1.504152e-01	1.480585e-01	1.462223e-01	
8.497850e-02	8.661706e-02	8.655384e-02	8.598634e-02	8.559853e-02	8.529505e-02	8.500270e-02	8.465570e-02	8.418115e-02	8.348208e-02	1.452688e-01	
7.983656e-02	7.815687e-02	7.827653e-02	7.899282e-02	7.948219e-02	7.984223e-02	8.014772e-02	8.046605e-02	8.087258e-02	8.146742e-02	1.436618e-01	
1.353864e-01	1.280482e-01	1.299070e-01	1.322926e-01	1.339184e-01	1.351305e-01	1.361894e-01	1.373299e-01	1.388139e-01	1.409895e-01	1.427081e-01	
7.463916e-02	1.270780e-01	7.310149e-02	7.380685e-02	7.429084e-02	7.464940e-02	7.495410e-02	7.526969e-02	7.566938e-02	7.625039e-02	7.631391e-02	
6.941209e-02	1.254431e-01	7.104735e-02	7.043855e-02	7.003459e-02	6.972669e-02	6.943198e-02	6.907681e-02	6.858177e-02	6.784749e-02	6.771822e-02	
1.170485e-01	1.244727e-01	1.226994e-01	1.204818e-01	1.189963e-01	1.178731e-01	1.168318e-01	1.156219e-01	1.139708e-01	1.115259e-01	1.096219e-01	
6.408223e-02	6.573441e-02	6.564643e-02	6.509519e-02	6.474664e-02	6.448766e-02	6.423190e-02	6.390175e-02	6.341103e-02	6.264564e-02	1.086375e-01	
5.867556e-02	5.679930e-02	5.691522e-02	5.778713e-02	5.843726e-02	5.894252e-02	5.936405e-02	5.975473e-02	6.016751e-02	6.066393e-02	1.069789e-01	
9.808088e-02	9.005475e-02	9.208416e-02	9.486576e-02	9.687994e-02	9.843479e-02	9.976677e-02	1.010829e-01	1.025978e-01	1.045731e-01	1.059944e-01	
5.374041e-02	8.899400e-02	5.117799e-02	5.235231e-02	5.321482e-02	5.388082e-02	5.445137e-02	5.501514e-02	5.566406e-02	5.650443e-02	5.625982e-02	
4.930247e-02	8.720647e-02	4.844843e-02	4.880191e-02	4.908975e-02	4.931236e-02	4.950307e-02	4.969152e-02	4.990844e-02	5.018739e-02	4.997378e-02	
8.250046e-02	8.614540e-02	8.249688e-02	8.241772e-02	8.241811e-02	8.241911e-02	8.241997e-02	8.242082e-02	8.242181e-02	8.242367e-02	8.245120e-02	
