5.103772e-01	5.104800e-01	5.105435e-01	5.105483e-01	5.105507e-01	5.105527e-01	5.105545e-01	5.105564e-01	5.105563e-01	5.103849e-01	5.041628e-01	
2.876584e-01	2.865744e-01	2.862671e-01	2.868080e-01	2.872158e-01	2.875498e-01	2.878628e-01	2.882042e-01	2.886282e-01	2.891142e-01	5.024584e-01	
2.803422e-01	2.762056e-01	2.759377e-01	2.775637e-01	2.787827e-01	2.797812e-01	2.807167e-01	2.817373e-01	2.830082e-01	2.847069e-01	4.995865e-01	
4.846976e-01	4.715760e-01	4.743343e-01	4.781513e-01	4.809960e-01	4.833259e-01	4.855088e-01	4.878905e-01	4.908573e-01	4.949075e-01	4.978820e-01	
2.720637e-01	4.699014e-01	2.690585e-01	2.701672e-01	2.710274e-01	2.717495e-01	2.724232e-01	2.731344e-01	2.739787e-01	2.750744e-01	2.751271e-01	
2.628723e-01	4.670790e-01	2.656757e-01	2.646387e-01	2.639714e-01	2.634776e-01	2.630067e-01	2.624213e-01	2.615672e-01	2.602419e-01	2.599467e-01	
4.524598e-01	4.654039e-01	4.624683e-01	4.587709e-01	4.562645e-01	4.543348e-01	4.525075e-01	4.503466e-01	4.473630e-01	4.429108e-01	4.394233e-01	
2.535522e-01	2.564918e-01	2.564133e-01	2.554875e-01	2.548599e-01	2.543613e-01	2.538577e-01	2.532242e-01	2.523200e-01	2.509576e-01	4.376800e-01	
2.441576e-01	2.410426e-01	2.413070e-01	2.427406e-01	2.437193e-01	2.444269e-01	2.450025e-01	2.455695e-01	2.462639e-01	2.472655e-01	4.347421e-01	
4.195088e-01	4.059526e-01	4.095123e-01	4.141012e-01	4.172225e-01	4.195182e-01	4.214716e-01	4.235159e-01	4.261323e-01	4.299589e-01	4.329984e-01	
2.345638e-01	4.041470e-01	2.318222e-01	2.332172e-01	2.341634e-01	2.348433e-01	2.353925e-01	2.359321e-01	2.365968e-01	2.375628e-01	2.376383e-01	
2.248270e-01	4.011041e-01	2.280042e-01	2.269447e-01	2.262195e-01	2.256379e-01	2.250550e-01	2.243397e-01	2.233465e-01	2.218863e-01	2.216187e-01	
3.853575e-01	3.992981e-01	3.961189e-01	3.921120e-01	3.893778e-01	3.872545e-01	3.852420e-01	3.828901e-01	3.796983e-01	3.750041e-01	3.713586e-01	
2.149120e-01	2.180903e-01	2.179973e-01	2.169648e-01	2.162570e-01	2.156903e-01	2.151240e-01	2.144314e-01	2.134716e-01	2.120562e-01	3.694972e-01	
2.048768e-01	2.015800e-01	2.018400e-01	2.033058e-01	2.043043e-01	2.050287e-01	2.056278e-01	2.062354e-01	2.070003e-01	2.081183e-01	3.663604e-01	
3.501593e-01	3.357704e-01	3.394783e-01	3.442461e-01	3.474893e-01	3.498889e-01	3.519589e-01	3.541619e-01	3.570120e-01	3.611901e-01	3.644987e-01	
1.946833e-01	3.338612e-01	1.917188e-01	1.931434e-01	1.941104e-01	1.948134e-01	1.953974e-01	1.959931e-01	1.967454e-01	1.978436e-01	1.979540e-01	
1.843909e-01	3.306441e-01	1.876800e-01	1.865062e-01	1.857040e-01	1.850732e-01	1.844618e-01	1.837334e-01	1.827359e-01	1.812721e-01	1.810206e-01	
3.140591e-01	3.287346e-01	3.253104e-01	3.209779e-01	3.180234e-01	3.157504e-01	3.136326e-01	3.111970e-01	3.079173e-01	3.030971e-01	2.993426e-01	
1.739620e-01	1.773109e-01	1.771832e-01	1.760236e-01	1.752299e-01	1.746079e-01	1.740089e-01	1.732991e-01	1.723296e-01	1.709020e-01	2.973940e-01	
1.634571e-01	1.600277e-01	1.602695e-01	1.617250e-01	1.627173e-01	1.634468e-01	1.640680e-01	1.647194e-01	1.655555e-01	1.667799e-01	2.941104e-01	
2.772130e-01	2.622322e-01	2.660174e-01	2.708697e-01	2.741721e-01	2.766337e-01	2.787902e-01	2.811235e-01	2.841692e-01	2.886368e-01	2.921616e-01	
1.528377e-01	2.602525e-01	1.496955e-01	1.511202e-01	1.520886e-01	1.528026e-01	1.534141e-01	1.540596e-01	1.548909e-01	1.561062e-01	1.562503e-01	
1.421652e-01	2.569165e-01	1.455078e-01	1.442387e-01	1.433731e-01	1.427046e-01	1.420767e-01	1.413491e-01	1.403655e-01	1.389232e-01	1.386915e-01	
2.397787e-01	2.549366e-01	2.513267e-01	2.467446e-01	2.436225e-01	2.412406e-01	2.390554e-01	2.365781e-01	2.332655e-01	2.283990e-01	2.245976e-01	
1.313990e-01	1.348599e-01	1.347001e-01	1.334365e-01	1.325737e-01	1.319099e-01	1.312903e-01	1.305754e-01	1.296109e-01	1.281919e-01	2.225950e-01	
1.206010e-01	1.170942e-01	1.173154e-01	1.187432e-01	1.197197e-01	1.204482e-01	1.210842e-01	1.217680e-01	1.226566e-01	1.239585e-01	2.192206e-01	
2.019039e-01	1.865752e-01	1.903814e-01	1.952523e-01	1.985740e-01	2.010693e-01	2.032832e-01	2.057061e-01	2.088852e-01	2.135481e-01	2.172179e-01	
1.097332e-01	1.845565e-01	1.064624e-01	1.078754e-01	1.088467e-01	1.095771e-01	1.102171e-01	1.109028e-01	1.117881e-01	1.130771e-01	1.132397e-01	
9.885745e-02	1.811550e-01	1.021866e-01	1.008625e-01	9.998390e-02	9.932609e-02	9.871834e-02	9.800901e-02	9.703480e-02	9.559113e-02	9.535542e-02	
1.637561e-01	1.791363e-01	1.753815e-01	1.706661e-01	1.675072e-01	1.651392e-01	1.629819e-01	1.605175e-01	1.571822e-01	1.522472e-01	1.483923e-01	
8.782102e-02	9.124952e-02	9.103661e-02	8.981643e-02	8.904140e-02	8.847628e-02	8.794154e-02	8.727612e-02	8.630170e-02	8.478299e-02	1.463648e-01	
7.668546e-02	7.284897e-02	7.305565e-02	7.476642e-02	7.604824e-02	7.705659e-02	7.791553e-02	7.873300e-02	7.961796e-02	8.069848e-02	1.429485e-01	
1.246971e-01	1.082700e-01	1.123438e-01	1.179225e-01	1.219700e-01	1.251148e-01	1.278404e-01	1.305715e-01	1.337506e-01	1.379192e-01	1.409211e-01	
6.655426e-02	1.061074e-01	6.127411e-02	6.362869e-02	6.536238e-02	6.670980e-02	6.787761e-02	6.904783e-02	7.041007e-02	7.218438e-02	7.171207e-02	
5.748691e-02	1.024632e-01	5.572665e-02	5.643380e-02	5.701247e-02	5.746295e-02	5.785339e-02	5.824466e-02	5.870013e-02	5.928932e-02	5.885952e-02	
9.286944e-02	1.003001e-01	9.286206e-02	9.270061e-02	9.270137e-02	9.270339e-02	9.270516e-02	9.270694e-02	9.270901e-02	9.271288e-02	9.276902e-02	
