3.159370e-01	3.159917e-01	3.160254e-01	3.160280e-01	3.160293e-01	3.160303e-01	3.160313e-01	3.160323e-01	3.160323e-01	3.159411e-01	3.126335e-01	
1.783653e-01	1.777892e-01	1.776263e-01	1.779146e-01	1.781319e-01	1.783096e-01	1.784759e-01	1.786570e-01	1.788818e-01	1.791394e-01	3.117275e-01	
1.744761e-01	1.722770e-01	1.721361e-01	1.730030e-01	1.736526e-01	1.741840e-01	1.746811e-01	1.752228e-01	1.758968e-01	1.767977e-01	3.102009e-01	
3.022837e-01	2.953051e-01	2.967763e-01	2.988119e-01	3.003281e-01	3.015686e-01	3.027289e-01	3.039932e-01	3.055672e-01	3.077159e-01	3.092947e-01	
1.700747e-01	2.944140e-01	1.684805e-01	1.690736e-01	1.695332e-01	1.699181e-01	1.702759e-01	1.706523e-01	1.710982e-01	1.716765e-01	1.717031e-01	
1.651842e-01	2.929123e-01	1.666814e-01	1.661343e-01	1.657823e-01	1.655210e-01	1.652700e-01	1.649561e-01	1.644973e-01	1.637856e-01	1.636258e-01	
2.851277e-01	2.920209e-01	2.904645e-01	2.885062e-01	2.871787e-01	2.861549e-01	2.851818e-01	2.840274e-01	2.824310e-01	2.800486e-01	2.781833e-01	
1.602220e-01	1.617868e-01	1.617479e-01	1.612629e-01	1.609340e-01	1.606714e-01	1.604036e-01	1.600643e-01	1.595786e-01	1.588465e-01	2.772539e-01	
1.552134e-01	1.535500e-01	1.536953e-01	1.544701e-01	1.549989e-01	1.553798e-01	1.556873e-01	1.559873e-01	1.563526e-01	1.568793e-01	2.756876e-01	
2.675572e-01	2.603181e-01	2.622305e-01	2.646977e-01	2.663754e-01	2.676064e-01	2.686490e-01	2.697346e-01	2.711200e-01	2.731462e-01	2.747579e-01	
1.500929e-01	2.593526e-01	1.486385e-01	1.493928e-01	1.499042e-01	1.502701e-01	1.505626e-01	1.508465e-01	1.511934e-01	1.516973e-01	1.517332e-01	
1.448868e-01	2.577256e-01	1.465982e-01	1.460419e-01	1.456609e-01	1.453530e-01	1.450404e-01	1.446527e-01	1.441119e-01	1.433166e-01	1.431676e-01	
2.492939e-01	2.567599e-01	2.550720e-01	2.529485e-01	2.514993e-01	2.503698e-01	2.492920e-01	2.480246e-01	2.462996e-01	2.437617e-01	2.417927e-01	
1.395771e-01	1.412782e-01	1.412344e-01	1.406969e-01	1.403283e-01	1.400303e-01	1.397278e-01	1.393529e-01	1.388304e-01	1.380595e-01	2.407937e-01	
1.341910e-01	1.324166e-01	1.325637e-01	1.333693e-01	1.339177e-01	1.343132e-01	1.346360e-01	1.349583e-01	1.353601e-01	1.359471e-01	2.391101e-01	
2.303991e-01	2.226558e-01	2.246708e-01	2.272651e-01	2.290293e-01	2.303296e-01	2.314429e-01	2.326180e-01	2.341317e-01	2.363503e-01	2.381108e-01	
1.287089e-01	2.216263e-01	1.271293e-01	1.279117e-01	1.284423e-01	1.288253e-01	1.291386e-01	1.294521e-01	1.298436e-01	1.304149e-01	1.304668e-01	
1.231590e-01	2.198915e-01	1.249527e-01	1.243357e-01	1.239137e-01	1.235783e-01	1.232471e-01	1.228460e-01	1.222927e-01	1.214804e-01	1.213356e-01	
2.109296e-01	2.188619e-01	2.170340e-01	2.147267e-01	2.131530e-01	2.119360e-01	2.107913e-01	2.094627e-01	2.076658e-01	2.050238e-01	2.029692e-01	
1.175217e-01	1.193305e-01	1.192706e-01	1.186671e-01	1.182536e-01	1.179257e-01	1.176029e-01	1.172133e-01	1.166764e-01	1.158853e-01	2.019126e-01	
1.118259e-01	1.099592e-01	1.101012e-01	1.109177e-01	1.114740e-01	1.118794e-01	1.122181e-01	1.125657e-01	1.130065e-01	1.136515e-01	2.001322e-01	
1.909482e-01	1.827962e-01	1.848838e-01	1.875651e-01	1.893892e-01	1.907418e-01	1.919145e-01	1.931693e-01	1.947979e-01	1.971863e-01	1.990755e-01	
1.060516e-01	1.817160e-01	1.043636e-01	1.051611e-01	1.057025e-01	1.060978e-01	1.064291e-01	1.067705e-01	1.072043e-01	1.078379e-01	1.079054e-01	
1.002281e-01	1.798957e-01	1.020798e-01	1.014091e-01	1.009513e-01	1.005930e-01	1.002482e-01	9.983972e-02	9.928185e-02	9.846318e-02	9.832422e-02	
1.705188e-01	1.788153e-01	1.768708e-01	1.744097e-01	1.727323e-01	1.714444e-01	1.702481e-01	1.688757e-01	1.670297e-01	1.643163e-01	1.622015e-01	
9.433424e-02	9.622685e-02	9.615176e-02	9.549118e-02	9.503980e-02	9.468748e-02	9.434964e-02	9.395026e-02	9.340510e-02	9.260216e-02	1.611010e-01	
8.839998e-02	8.646309e-02	8.659882e-02	8.741948e-02	8.798025e-02	8.839360e-02	8.874573e-02	8.911432e-02	8.958622e-02	9.027686e-02	1.592464e-01	
1.497007e-01	1.412382e-01	1.433757e-01	1.461180e-01	1.479871e-01	1.493820e-01	1.506033e-01	1.519217e-01	1.536393e-01	1.561576e-01	1.581458e-01	
8.240540e-02	1.401199e-01	8.062752e-02	8.143621e-02	8.199123e-02	8.240327e-02	8.275493e-02	8.312096e-02	8.358584e-02	8.426178e-02	8.433738e-02	
7.638083e-02	1.382356e-01	7.825984e-02	7.755364e-02	7.708506e-02	7.672884e-02	7.638959e-02	7.598255e-02	7.541636e-02	7.457666e-02	7.443028e-02	
1.285656e-01	1.371172e-01	1.350683e-01	1.325043e-01	1.307868e-01	1.294899e-01	1.282904e-01	1.269001e-01	1.250049e-01	1.221990e-01	1.200128e-01	
7.024198e-02	7.214551e-02	7.204177e-02	7.140067e-02	7.099503e-02	7.069447e-02	7.039949e-02	7.002066e-02	6.945873e-02	6.858236e-02	1.188799e-01	
6.401936e-02	6.186213e-02	6.199302e-02	6.298983e-02	6.373359e-02	6.431256e-02	6.479698e-02	6.524764e-02	6.572544e-02	6.630134e-02	1.169709e-01	
1.067359e-01	9.750667e-02	9.983403e-02	1.030236e-01	1.053338e-01	1.071188e-01	1.086504e-01	1.101668e-01	1.119149e-01	1.141962e-01	1.158379e-01	
5.834202e-02	9.628758e-02	5.539269e-02	5.673920e-02	5.772852e-02	5.849312e-02	5.914920e-02	5.979877e-02	6.054765e-02	6.151825e-02	6.123921e-02	
5.324006e-02	9.423322e-02	5.225703e-02	5.266222e-02	5.299238e-02	5.324796e-02	5.346727e-02	5.368441e-02	5.393475e-02	5.425694e-02	5.401189e-02	
8.882475e-02	9.301376e-02	8.882063e-02	8.872964e-02	8.873009e-02	8.873123e-02	8.873223e-02	8.873321e-02	8.873435e-02	8.873649e-02	8.876813e-02	
