4.357167e-01	4.357993e-01	4.358503e-01	4.358542e-01	4.358561e-01	4.358576e-01	4.358591e-01	4.358606e-01	4.358606e-01	4.357229e-01	4.307231e-01	
2.457487e-01	2.448778e-01	2.446311e-01	2.450662e-01	2.453942e-01	2.456627e-01	2.459141e-01	2.461882e-01	2.465286e-01	2.469187e-01	4.293535e-01	
2.398698e-01	2.365458e-01	2.363313e-01	2.376394e-01	2.386198e-01	2.394225e-01	2.401741e-01	2.409937e-01	2.420141e-01	2.433778e-01	4.270458e-01	
4.150803e-01	4.045346e-01	4.067538e-01	4.098248e-01	4.121130e-01	4.139862e-01	4.157403e-01	4.176531e-01	4.200353e-01	4.232873e-01	4.256761e-01	
2.332172e-01	4.031884e-01	2.308043e-01	2.316974e-01	2.323899e-01	2.329707e-01	2.335119e-01	2.340825e-01	2.347592e-01	2.356373e-01	2.356788e-01	
2.258288e-01	4.009197e-01	2.280855e-01	2.272547e-01	2.267200e-01	2.263239e-01	2.259451e-01	2.254732e-01	2.247841e-01	2.237150e-01	2.234762e-01	
3.891648e-01	3.995731e-01	3.972166e-01	3.942497e-01	3.922385e-01	3.906890e-01	3.892197e-01	3.874800e-01	3.850766e-01	3.814900e-01	3.786810e-01	
2.183352e-01	2.206986e-01	2.206371e-01	2.198973e-01	2.193957e-01	2.189965e-01	2.185917e-01	2.180812e-01	2.173518e-01	2.162525e-01	3.772786e-01	
2.107778e-01	2.082704e-01	2.084856e-01	2.096449e-01	2.104363e-01	2.110076e-01	2.114710e-01	2.119258e-01	2.124816e-01	2.132830e-01	3.749153e-01	
3.626558e-01	3.517437e-01	3.546158e-01	3.583192e-01	3.608379e-01	3.626888e-01	3.642609e-01	3.659029e-01	3.680022e-01	3.710725e-01	3.735126e-01	
2.030568e-01	3.502896e-01	2.008555e-01	2.019838e-01	2.027490e-01	2.032979e-01	2.037395e-01	2.041714e-01	2.047019e-01	2.054725e-01	2.055307e-01	
1.952154e-01	3.478391e-01	1.977814e-01	1.969340e-01	1.963539e-01	1.958873e-01	1.954173e-01	1.948383e-01	1.940327e-01	1.928484e-01	1.926295e-01	
3.351507e-01	3.463846e-01	3.438311e-01	3.406151e-01	3.384205e-01	3.367139e-01	3.350921e-01	3.331924e-01	3.306113e-01	3.268148e-01	3.238675e-01	
1.872257e-01	1.897863e-01	1.897148e-01	1.888917e-01	1.883273e-01	1.878739e-01	1.874180e-01	1.868576e-01	1.860793e-01	1.849312e-01	3.223663e-01	
1.791322e-01	1.764705e-01	1.766846e-01	1.778776e-01	1.786901e-01	1.792782e-01	1.797621e-01	1.802499e-01	1.808618e-01	1.817560e-01	3.198364e-01	
3.067612e-01	2.951446e-01	2.981494e-01	3.020150e-01	3.046442e-01	3.065866e-01	3.082574e-01	3.100300e-01	3.123194e-01	3.156753e-01	3.183349e-01	
1.709047e-01	2.936021e-01	1.685205e-01	1.696797e-01	1.704663e-01	1.710365e-01	1.715074e-01	1.719842e-01	1.725839e-01	1.734592e-01	1.735440e-01	
1.625890e-01	2.910027e-01	1.652581e-01	1.643188e-01	1.636768e-01	1.631698e-01	1.626750e-01	1.620817e-01	1.612669e-01	1.600709e-01	1.598625e-01	
2.775920e-01	2.894600e-01	2.867040e-01	2.832202e-01	2.808444e-01	2.790129e-01	2.773002e-01	2.753235e-01	2.726574e-01	2.687382e-01	2.656874e-01	
1.541551e-01	1.568625e-01	1.567645e-01	1.558401e-01	1.552072e-01	1.547089e-01	1.542251e-01	1.536476e-01	1.528562e-01	1.516905e-01	2.641097e-01	
1.456495e-01	1.428687e-01	1.430707e-01	1.442649e-01	1.450789e-01	1.456752e-01	1.461792e-01	1.467035e-01	1.473732e-01	1.483537e-01	2.614511e-01	
2.477570e-01	2.356106e-01	2.386957e-01	2.426535e-01	2.453466e-01	2.473500e-01	2.490980e-01	2.509813e-01	2.534342e-01	2.570318e-01	2.598731e-01	
1.370419e-01	2.340038e-01	1.345068e-01	1.356747e-01	1.364682e-01	1.370510e-01	1.375460e-01	1.380637e-01	1.387270e-01	1.396964e-01	1.398070e-01	
1.283795e-01	2.312961e-01	1.311085e-01	1.300910e-01	1.293968e-01	1.288579e-01	1.283471e-01	1.277499e-01	1.269394e-01	1.257505e-01	1.255552e-01	
2.173714e-01	2.296891e-01	2.267736e-01	2.230771e-01	2.205581e-01	2.186317e-01	2.168558e-01	2.148332e-01	2.121223e-01	2.081390e-01	2.050302e-01	
1.196300e-01	1.224415e-01	1.223187e-01	1.213097e-01	1.206206e-01	1.200876e-01	1.195848e-01	1.189992e-01	1.182055e-01	1.170372e-01	2.034004e-01	
1.108414e-01	1.079816e-01	1.081698e-01	1.093526e-01	1.101613e-01	1.107617e-01	1.112809e-01	1.118333e-01	1.125470e-01	1.135924e-01	2.006539e-01	
1.865429e-01	1.740447e-01	1.771690e-01	1.811711e-01	1.838997e-01	1.859443e-01	1.877488e-01	1.897133e-01	1.922838e-01	1.960534e-01	1.990238e-01	
1.019834e-01	1.723966e-01	9.933252e-02	1.005011e-01	1.013039e-01	1.019045e-01	1.024253e-01	1.029772e-01	1.036853e-01	1.047157e-01	1.048402e-01	
9.310411e-02	1.696195e-01	9.584218e-02	9.477684e-02	9.406996e-02	9.353761e-02	9.303993e-02	9.245270e-02	9.164205e-02	9.044039e-02	9.023885e-02	
1.553961e-01	1.679713e-01	1.649236e-01	1.611015e-01	1.585411e-01	1.566164e-01	1.548525e-01	1.528260e-01	1.500756e-01	1.460050e-01	1.428285e-01	
8.407912e-02	8.688073e-02	8.671508e-02	8.573893e-02	8.511980e-02	8.466561e-02	8.422975e-02	8.368059e-02	8.287230e-02	8.161219e-02	1.411676e-01	
7.495659e-02	7.180594e-02	7.198412e-02	7.340912e-02	7.447503e-02	7.531002e-02	7.601624e-02	7.668239e-02	7.739775e-02	7.826688e-02	1.383689e-01	
1.233962e-01	1.099101e-01	1.132767e-01	1.178885e-01	1.212322e-01	1.238244e-01	1.260622e-01	1.282939e-01	1.308820e-01	1.342693e-01	1.367079e-01	
6.664767e-02	1.081323e-01	6.232276e-02	6.426939e-02	6.570149e-02	6.681203e-02	6.777074e-02	6.872691e-02	6.983578e-02	7.127732e-02	7.088169e-02	
5.919929e-02	1.051366e-01	5.775759e-02	5.834268e-02	5.882065e-02	5.919191e-02	5.951242e-02	5.983209e-02	6.020281e-02	6.068144e-02	6.032653e-02	
9.724981e-02	1.033583e-01	9.724377e-02	9.711106e-02	9.711170e-02	9.711337e-02	9.711482e-02	9.711627e-02	9.711796e-02	9.712111e-02	9.716726e-02	
