3.590853e-01	3.591494e-01	3.591890e-01	3.591920e-01	3.591935e-01	3.591947e-01	3.591959e-01	3.591971e-01	3.591970e-01	3.590902e-01	3.552110e-01	
2.026597e-01	2.019840e-01	2.017928e-01	2.021308e-01	2.023854e-01	2.025938e-01	2.027889e-01	2.030014e-01	2.032652e-01	2.035675e-01	3.541484e-01	
1.980984e-01	1.955194e-01	1.953537e-01	1.963697e-01	1.971312e-01	1.977543e-01	1.983373e-01	1.989728e-01	1.997637e-01	2.008208e-01	3.523580e-01	
3.430733e-01	3.348897e-01	3.366138e-01	3.389995e-01	3.407767e-01	3.422310e-01	3.435919e-01	3.450752e-01	3.469219e-01	3.494430e-01	3.512953e-01	
1.929366e-01	3.338448e-01	1.910661e-01	1.917608e-01	1.922992e-01	1.927503e-01	1.931700e-01	1.936119e-01	1.941356e-01	1.948149e-01	1.948464e-01	
1.872022e-01	3.320839e-01	1.889563e-01	1.883137e-01	1.879001e-01	1.875933e-01	1.872991e-01	1.869317e-01	1.863948e-01	1.855620e-01	1.853753e-01	
3.229575e-01	3.310388e-01	3.292124e-01	3.269139e-01	3.253557e-01	3.241545e-01	3.230137e-01	3.216612e-01	3.197916e-01	3.170016e-01	3.148168e-01	
1.813845e-01	1.832191e-01	1.831728e-01	1.826022e-01	1.822153e-01	1.819066e-01	1.815926e-01	1.811953e-01	1.806269e-01	1.797704e-01	3.137275e-01	
1.755141e-01	1.735652e-01	1.737344e-01	1.746399e-01	1.752579e-01	1.757034e-01	1.760636e-01	1.764158e-01	1.768452e-01	1.774643e-01	3.118917e-01	
3.023647e-01	2.938830e-01	2.961208e-01	2.990072e-01	3.009701e-01	3.024111e-01	3.036329e-01	3.049063e-01	3.065325e-01	3.089109e-01	3.108021e-01	
1.695140e-01	2.927522e-01	1.678076e-01	1.686890e-01	1.692866e-01	1.697145e-01	1.700575e-01	1.703911e-01	1.707997e-01	1.713931e-01	1.714362e-01	
1.634160e-01	2.908464e-01	1.654174e-01	1.647633e-01	1.643153e-01	1.639539e-01	1.635879e-01	1.631351e-01	1.625041e-01	1.615762e-01	1.614032e-01	
2.809733e-01	2.897153e-01	2.877352e-01	2.852430e-01	2.835424e-01	2.822179e-01	2.809559e-01	2.794739e-01	2.774580e-01	2.744924e-01	2.721911e-01	
1.571987e-01	1.591908e-01	1.591381e-01	1.585048e-01	1.580705e-01	1.577202e-01	1.573658e-01	1.569278e-01	1.563182e-01	1.554187e-01	2.710218e-01	
1.508950e-01	1.488196e-01	1.489899e-01	1.499279e-01	1.505666e-01	1.510278e-01	1.514053e-01	1.517834e-01	1.522559e-01	1.529462e-01	2.690514e-01	
2.588604e-01	2.498031e-01	2.521551e-01	2.551824e-01	2.572412e-01	2.587599e-01	2.600623e-01	2.614395e-01	2.632151e-01	2.658177e-01	2.678819e-01	
1.444818e-01	2.485994e-01	1.426302e-01	1.435414e-01	1.441595e-01	1.446063e-01	1.449730e-01	1.453414e-01	1.458028e-01	1.464760e-01	1.465385e-01	
1.379930e-01	2.465711e-01	1.400851e-01	1.393597e-01	1.388636e-01	1.384703e-01	1.380834e-01	1.376165e-01	1.369735e-01	1.360295e-01	1.358625e-01	
2.360977e-01	2.453673e-01	2.432255e-01	2.405206e-01	2.386757e-01	2.372507e-01	2.359129e-01	2.343634e-01	2.322696e-01	2.291914e-01	2.267967e-01	
1.314054e-01	1.335194e-01	1.334472e-01	1.327360e-01	1.322490e-01	1.318637e-01	1.314863e-01	1.310324e-01	1.304083e-01	1.294886e-01	2.255629e-01	
1.247538e-01	1.225756e-01	1.227387e-01	1.236854e-01	1.243305e-01	1.248015e-01	1.251965e-01	1.256039e-01	1.261218e-01	1.268797e-01	2.234838e-01	
2.127641e-01	2.032515e-01	2.056806e-01	2.087993e-01	2.109210e-01	2.124962e-01	2.138648e-01	2.153328e-01	2.172404e-01	2.200380e-01	2.222497e-01	
1.180145e-01	2.019917e-01	1.160394e-01	1.169644e-01	1.175927e-01	1.180522e-01	1.184392e-01	1.188400e-01	1.193508e-01	1.200971e-01	1.201786e-01	
1.112231e-01	1.998688e-01	1.133756e-01	1.125881e-01	1.120506e-01	1.116311e-01	1.112295e-01	1.107560e-01	1.101106e-01	1.091638e-01	1.090048e-01	
1.889396e-01	1.986089e-01	1.963348e-01	1.934549e-01	1.914922e-01	1.899873e-01	1.885932e-01	1.869977e-01	1.848544e-01	1.817044e-01	1.792482e-01	
1.043543e-01	1.065605e-01	1.064699e-01	1.056923e-01	1.051611e-01	1.047477e-01	1.043537e-01	1.038902e-01	1.032591e-01	1.023298e-01	1.779666e-01	
9.744411e-02	9.519108e-02	9.534564e-02	9.629237e-02	9.693942e-02	9.741753e-02	9.782693e-02	9.825792e-02	9.881147e-02	9.962183e-02	1.758071e-01	
1.646987e-01	1.548539e-01	1.573317e-01	1.605089e-01	1.626746e-01	1.642931e-01	1.657141e-01	1.672526e-01	1.692599e-01	1.722033e-01	1.745255e-01	
9.046911e-02	1.535540e-01	8.839399e-02	8.932776e-02	8.996882e-02	9.044599e-02	9.085550e-02	9.128439e-02	9.183107e-02	9.262618e-02	9.271761e-02	
8.346552e-02	1.513634e-01	8.564135e-02	8.481371e-02	8.426454e-02	8.384843e-02	8.345469e-02	8.298496e-02	8.233326e-02	8.136689e-02	8.120060e-02	
1.401298e-01	1.500634e-01	1.476739e-01	1.446815e-01	1.426770e-01	1.411656e-01	1.397723e-01	1.381622e-01	1.359707e-01	1.327265e-01	1.301975e-01	
7.633526e-02	7.854707e-02	7.842299e-02	7.766919e-02	7.719182e-02	7.683937e-02	7.649615e-02	7.605826e-02	7.541044e-02	7.440024e-02	1.288829e-01	
6.911468e-02	6.661473e-02	6.676287e-02	6.790964e-02	6.876602e-02	6.943408e-02	6.999511e-02	7.051953e-02	7.107802e-02	7.175306e-02	1.266677e-01	
1.148000e-01	1.041027e-01	1.067909e-01	1.104745e-01	1.131435e-01	1.152080e-01	1.169832e-01	1.187451e-01	1.207805e-01	1.234393e-01	1.253530e-01	
6.253070e-02	1.026907e-01	5.910807e-02	6.066307e-02	6.180607e-02	6.269047e-02	6.345091e-02	6.420571e-02	6.507769e-02	6.620903e-02	6.588890e-02	
5.661903e-02	1.003112e-01	5.547820e-02	5.594593e-02	5.632740e-02	5.662303e-02	5.687724e-02	5.712956e-02	5.742107e-02	5.779665e-02	5.751348e-02	
9.404683e-02	9.889875e-02	9.404205e-02	9.393666e-02	9.393717e-02	9.393850e-02	9.393965e-02	9.394079e-02	9.394212e-02	9.394461e-02	9.398126e-02	
