8.831707e-01	8.835562e-01	8.837940e-01	8.838109e-01	8.838191e-01	8.838261e-01	8.838330e-01	8.838408e-01	8.838415e-01	8.831992e-01	8.598432e-01	
4.907610e-01	4.866455e-01	4.853749e-01	4.871964e-01	4.886009e-01	4.898053e-01	4.910034e-01	4.923768e-01	4.941218e-01	4.961483e-01	8.534453e-01	
4.633032e-01	4.478088e-01	4.464213e-01	4.518652e-01	4.560351e-01	4.596083e-01	4.631595e-01	4.672274e-01	4.724076e-01	4.793276e-01	8.426652e-01	
7.873815e-01	7.389323e-01	7.480853e-01	7.607716e-01	7.704208e-01	7.786814e-01	7.868818e-01	7.962667e-01	8.082178e-01	8.245006e-01	8.362671e-01	
4.324214e-01	7.328576e-01	4.203013e-01	4.235012e-01	4.261209e-01	4.285688e-01	4.311810e-01	4.342747e-01	4.381972e-01	4.433693e-01	4.439224e-01	
3.990341e-01	7.226218e-01	4.078199e-01	4.028993e-01	3.997066e-01	3.975715e-01	3.959781e-01	3.944489e-01	3.924417e-01	3.892422e-01	3.888184e-01	
6.709510e-01	7.165473e-01	7.045627e-01	6.889845e-01	6.783971e-01	6.707003e-01	6.642530e-01	6.575323e-01	6.488198e-01	6.358516e-01	6.254300e-01	
3.659855e-01	3.764818e-01	3.754982e-01	3.703386e-01	3.668333e-01	3.643883e-01	3.625195e-01	3.607690e-01	3.586137e-01	3.553706e-01	6.195281e-01	
3.341803e-01	3.242241e-01	3.241655e-01	3.266258e-01	3.283342e-01	3.298723e-01	3.316727e-01	3.341109e-01	3.375926e-01	3.426607e-01	6.095848e-01	
5.599484e-01	5.165749e-01	5.255108e-01	5.365759e-01	5.441694e-01	5.503599e-01	5.567021e-01	5.645785e-01	5.755084e-01	5.914929e-01	6.036847e-01	
3.030333e-01	5.110565e-01	2.922304e-01	2.946527e-01	2.963356e-01	2.978941e-01	2.997961e-01	3.024532e-01	3.063131e-01	3.119480e-01	3.131534e-01	
2.732763e-01	5.017605e-01	2.804184e-01	2.751228e-01	2.715344e-01	2.691432e-01	2.675681e-01	2.664570e-01	2.654097e-01	2.638964e-01	2.642248e-01	
4.559742e-01	4.962451e-01	4.842353e-01	4.683784e-01	4.575785e-01	4.499867e-01	4.441945e-01	4.389194e-01	4.327211e-01	4.236882e-01	4.162274e-01	
2.447183e-01	2.540430e-01	2.526439e-01	2.467842e-01	2.427893e-01	2.401238e-01	2.383657e-01	2.371267e-01	2.359663e-01	2.343127e-01	4.112473e-01	
2.178758e-01	2.098974e-01	2.093527e-01	2.100372e-01	2.105232e-01	2.112756e-01	2.126427e-01	2.149298e-01	2.184670e-01	2.237034e-01	4.028590e-01	
3.620398e-01	3.268196e-01	3.328196e-01	3.398938e-01	3.447541e-01	3.491080e-01	3.542392e-01	3.612893e-01	3.715119e-01	3.865550e-01	3.978827e-01	
1.925963e-01	3.224712e-01	1.829739e-01	1.839791e-01	1.847003e-01	1.856502e-01	1.872257e-01	1.897762e-01	1.936813e-01	1.994225e-01	2.008972e-01	
1.691631e-01	3.151475e-01	1.737718e-01	1.688522e-01	1.655395e-01	1.634495e-01	1.623027e-01	1.618406e-01	1.617677e-01	1.616873e-01	1.623470e-01	
2.798805e-01	3.108033e-01	3.005470e-01	2.868729e-01	2.776021e-01	2.713076e-01	2.669051e-01	2.634078e-01	2.597053e-01	2.543178e-01	2.496126e-01	
1.474772e-01	1.546336e-01	1.531928e-01	1.478676e-01	1.442538e-01	1.419311e-01	1.405683e-01	1.398609e-01	1.394632e-01	1.389298e-01	2.459232e-01	
1.276001e-01	1.219219e-01	1.212424e-01	1.209647e-01	1.207914e-01	1.210525e-01	1.219924e-01	1.238247e-01	1.267811e-01	1.311836e-01	2.397100e-01	
2.100315e-01	1.846665e-01	1.883247e-01	1.923977e-01	1.951948e-01	1.979653e-01	2.016454e-01	2.070667e-01	2.151445e-01	2.270862e-01	2.360248e-01	
1.094798e-01	1.816048e-01	1.021632e-01	1.024125e-01	1.026122e-01	1.031380e-01	1.042819e-01	1.063017e-01	1.094784e-01	1.141694e-01	1.154850e-01	
9.298875e-02	1.764490e-01	9.579282e-02	9.203194e-02	8.951276e-02	8.796817e-02	8.720795e-02	8.705735e-02	8.731691e-02	8.771686e-02	8.833444e-02	
1.519291e-01	1.733911e-01	1.658678e-01	1.558201e-01	1.490392e-01	1.445182e-01	1.414966e-01	1.392847e-01	1.371069e-01	1.339272e-01	1.310209e-01	
7.811512e-02	8.305775e-02	8.193324e-02	7.800634e-02	7.535318e-02	7.367514e-02	7.273824e-02	7.232895e-02	7.220599e-02	7.205954e-02	1.285087e-01	
6.458604e-02	6.077289e-02	6.028143e-02	5.996925e-02	5.976709e-02	5.989521e-02	6.051604e-02	6.177252e-02	6.382176e-02	6.688628e-02	1.242784e-01	
1.041223e-01	8.691918e-02	8.938866e-02	9.211122e-02	9.396979e-02	9.581882e-02	9.829612e-02	1.019698e-01	1.074697e-01	1.156340e-01	1.217694e-01	
5.242440e-02	8.484391e-02	4.754392e-02	4.775252e-02	4.791638e-02	4.828507e-02	4.905170e-02	5.038801e-02	5.248466e-02	5.558887e-02	5.647417e-02	
4.125693e-02	8.134914e-02	4.330909e-02	4.093472e-02	3.936525e-02	3.840040e-02	3.789700e-02	3.772670e-02	3.774782e-02	3.777460e-02	3.807644e-02	
6.453957e-02	7.927629e-02	7.436503e-02	6.793044e-02	6.364117e-02	6.076278e-02	5.874310e-02	5.708816e-02	5.525187e-02	5.251501e-02	5.013027e-02	
3.104896e-02	3.434152e-02	3.368326e-02	3.145132e-02	2.998810e-02	2.906735e-02	2.851581e-02	2.817736e-02	2.787654e-02	2.738427e-02	4.835866e-02	
2.136114e-02	1.830939e-02	1.820752e-02	1.880552e-02	1.929039e-02	1.979530e-02	2.042319e-02	2.126262e-02	2.240277e-02	2.395563e-02	4.537480e-02	
3.010679e-02	1.661479e-02	1.937654e-02	2.299196e-02	2.560793e-02	2.778701e-02	2.995666e-02	3.249091e-02	3.578223e-02	4.031846e-02	4.360471e-02	
1.312264e-02	1.490024e-02	8.639428e-03	1.011078e-02	1.119569e-02	1.210188e-02	1.300817e-02	1.407129e-02	1.545573e-02	1.735633e-02	1.725980e-02	
5.908256e-03	1.201152e-02	4.441449e-03	4.857292e-03	5.209725e-03	5.505311e-03	5.802031e-03	6.151332e-03	6.607215e-03	7.230364e-03	6.971584e-03	
4.407542e-03	1.029707e-02	4.401375e-03	4.272758e-03	4.272884e-03	4.274207e-03	4.275551e-03	4.277134e-03	4.279209e-03	4.282977e-03	4.327743e-03	
