1.997839e-01	1.998163e-01	1.998362e-01	1.998378e-01	1.998385e-01	1.998391e-01	1.998397e-01	1.998403e-01	1.998403e-01	1.997864e-01	1.978299e-01	
1.128637e-01	1.125230e-01	1.124268e-01	1.125975e-01	1.127262e-01	1.128314e-01	1.129297e-01	1.130367e-01	1.131695e-01	1.133217e-01	1.972939e-01	
1.105632e-01	1.092623e-01	1.091794e-01	1.096929e-01	1.100776e-01	1.103921e-01	1.106861e-01	1.110063e-01	1.114045e-01	1.119368e-01	1.963909e-01	
1.917070e-01	1.875782e-01	1.884498e-01	1.896557e-01	1.905537e-01	1.912880e-01	1.919744e-01	1.927218e-01	1.936519e-01	1.949217e-01	1.958549e-01	
1.079595e-01	1.870508e-01	1.070174e-01	1.073693e-01	1.076418e-01	1.078698e-01	1.080814e-01	1.083036e-01	1.085665e-01	1.089074e-01	1.089227e-01	
1.050654e-01	1.861621e-01	1.059530e-01	1.056306e-01	1.054231e-01	1.052689e-01	1.051202e-01	1.049338e-01	1.046610e-01	1.042380e-01	1.041427e-01	
1.815536e-01	1.856346e-01	1.847151e-01	1.835588e-01	1.827750e-01	1.821699e-01	1.815938e-01	1.809093e-01	1.799621e-01	1.785485e-01	1.774419e-01	
1.021280e-01	1.030542e-01	1.030320e-01	1.027471e-01	1.025539e-01	1.023993e-01	1.022408e-01	1.020394e-01	1.017506e-01	1.013154e-01	1.768914e-01	
9.916122e-02	9.817517e-02	9.826246e-02	9.872437e-02	9.903956e-02	9.926623e-02	9.944855e-02	9.962561e-02	9.984061e-02	1.001505e-01	1.759636e-01	
1.711451e-01	1.668538e-01	1.679907e-01	1.694580e-01	1.704555e-01	1.711867e-01	1.718047e-01	1.724464e-01	1.732644e-01	1.744607e-01	1.754129e-01	
9.612654e-02	1.662811e-01	9.526709e-02	9.571690e-02	9.602177e-02	9.623941e-02	9.641262e-02	9.657969e-02	9.678309e-02	9.707849e-02	9.709846e-02	
9.303855e-02	1.653161e-01	9.405723e-02	9.373011e-02	9.350602e-02	9.332425e-02	9.313854e-02	9.290714e-02	9.258362e-02	9.210776e-02	9.201771e-02	
1.603114e-01	1.647433e-01	1.637455e-01	1.624911e-01	1.616351e-01	1.609668e-01	1.603270e-01	1.595725e-01	1.585441e-01	1.570309e-01	1.558575e-01	
8.988673e-02	9.089625e-02	9.087195e-02	9.055722e-02	9.034130e-02	9.016597e-02	8.998658e-02	8.976297e-02	8.945045e-02	8.898918e-02	1.552639e-01	
8.668625e-02	8.563048e-02	8.572002e-02	8.620395e-02	8.653335e-02	8.677025e-02	8.696242e-02	8.715281e-02	8.738918e-02	8.773433e-02	1.542634e-01	
1.490829e-01	1.444760e-01	1.456803e-01	1.472317e-01	1.482866e-01	1.490627e-01	1.497249e-01	1.504212e-01	1.513161e-01	1.526278e-01	1.536696e-01	
8.342564e-02	1.438629e-01	8.249022e-02	8.296007e-02	8.327865e-02	8.350784e-02	8.369390e-02	8.387844e-02	8.410772e-02	8.444213e-02	8.447083e-02	
8.012060e-02	1.428298e-01	8.119436e-02	8.083137e-02	8.058302e-02	8.038458e-02	8.018689e-02	7.994574e-02	7.961199e-02	7.912179e-02	7.903300e-02	
1.374876e-01	1.422166e-01	1.411332e-01	1.397673e-01	1.388355e-01	1.381132e-01	1.374307e-01	1.366353e-01	1.355573e-01	1.339720e-01	1.327401e-01	
7.675969e-02	7.783764e-02	7.780451e-02	7.745111e-02	7.720897e-02	7.701573e-02	7.682360e-02	7.658962e-02	7.626602e-02	7.578894e-02	1.321093e-01	
7.335906e-02	7.224254e-02	7.233030e-02	7.282537e-02	7.316256e-02	7.340732e-02	7.361004e-02	7.381606e-02	7.407577e-02	7.445562e-02	1.310464e-01	
1.255569e-01	1.206818e-01	1.219379e-01	1.235527e-01	1.246510e-01	1.254635e-01	1.261646e-01	1.269110e-01	1.278770e-01	1.292935e-01	1.304155e-01	
6.990695e-02	1.200349e-01	6.890351e-02	6.938656e-02	6.971440e-02	6.995263e-02	7.015037e-02	7.035180e-02	7.060608e-02	7.097738e-02	7.101479e-02	
6.641993e-02	1.189449e-01	6.753632e-02	6.714078e-02	6.687063e-02	6.665782e-02	6.645075e-02	6.620304e-02	6.586317e-02	6.536424e-02	6.527759e-02	
1.133231e-01	1.182980e-01	1.171406e-01	1.156777e-01	1.146805e-01	1.139125e-01	1.131951e-01	1.123677e-01	1.112517e-01	1.096110e-01	1.083336e-01	
6.288546e-02	6.401987e-02	6.397825e-02	6.359064e-02	6.332570e-02	6.311745e-02	6.291522e-02	6.267352e-02	6.234190e-02	6.185323e-02	1.076724e-01	
5.932046e-02	5.815424e-02	5.823964e-02	5.874248e-02	5.908594e-02	5.933781e-02	5.955006e-02	5.976951e-02	6.004853e-02	6.045664e-02	1.065583e-01	
1.008158e-01	9.572148e-02	9.701810e-02	9.868341e-02	9.981816e-02	1.006625e-01	1.013975e-01	1.021860e-01	1.032098e-01	1.047105e-01	1.058971e-01	
5.571322e-02	9.504728e-02	5.465053e-02	5.514511e-02	5.548434e-02	5.573477e-02	5.594602e-02	5.616295e-02	5.643633e-02	5.683354e-02	5.687520e-02	
5.208097e-02	9.391117e-02	5.322327e-02	5.280489e-02	5.252729e-02	5.231473e-02	5.210949e-02	5.186027e-02	5.151173e-02	5.099463e-02	5.090210e-02	
8.807240e-02	9.323688e-02	9.200993e-02	9.047714e-02	8.945044e-02	8.867248e-02	8.794809e-02	8.710307e-02	8.594757e-02	8.423628e-02	8.290449e-02	
4.837297e-02	4.952180e-02	4.946310e-02	4.908601e-02	4.884786e-02	4.867003e-02	4.849252e-02	4.826135e-02	4.791656e-02	4.737869e-02	8.221881e-02	
4.460666e-02	4.329738e-02	4.338074e-02	4.399503e-02	4.445258e-02	4.480717e-02	4.510156e-02	4.537267e-02	4.565738e-02	4.599846e-02	8.106337e-02	
7.485889e-02	6.925942e-02	7.068175e-02	7.263167e-02	7.404296e-02	7.513077e-02	7.606008e-02	7.697523e-02	7.802572e-02	7.939355e-02	8.037762e-02	
4.116610e-02	6.851870e-02	3.938132e-02	4.020457e-02	4.080888e-02	4.127479e-02	4.167283e-02	4.206482e-02	4.251477e-02	4.309663e-02	4.292368e-02	
3.806866e-02	6.727045e-02	3.747384e-02	3.772178e-02	3.792344e-02	3.807916e-02	3.821220e-02	3.834322e-02	3.849362e-02	3.868674e-02	3.853712e-02	
6.398417e-02	6.652949e-02	6.398168e-02	6.392641e-02	6.392668e-02	6.392738e-02	6.392798e-02	6.392858e-02	6.392926e-02	6.393055e-02	6.394977e-02	
