5.188025e-01	5.189077e-01	5.189727e-01	5.189776e-01	5.189800e-01	5.189820e-01	5.189838e-01	5.189858e-01	5.189858e-01	5.188104e-01	5.124425e-01	
2.923835e-01	2.912741e-01	2.909596e-01	2.915131e-01	2.919304e-01	2.922722e-01	2.925925e-01	2.929420e-01	2.933759e-01	2.938734e-01	5.106981e-01	
2.848959e-01	2.806624e-01	2.803881e-01	2.820520e-01	2.832994e-01	2.843213e-01	2.852787e-01	2.863233e-01	2.876241e-01	2.893627e-01	5.077590e-01	
4.925213e-01	4.790926e-01	4.819152e-01	4.858211e-01	4.887321e-01	4.911164e-01	4.933505e-01	4.957880e-01	4.988247e-01	5.029701e-01	5.060145e-01	
2.764235e-01	4.773788e-01	2.733476e-01	2.744820e-01	2.753621e-01	2.761010e-01	2.767906e-01	2.775186e-01	2.783829e-01	2.795046e-01	2.795587e-01	
2.670171e-01	4.744905e-01	2.698856e-01	2.688240e-01	2.681408e-01	2.676354e-01	2.671535e-01	2.665546e-01	2.656808e-01	2.643251e-01	2.640232e-01	
4.595298e-01	4.727761e-01	4.697714e-01	4.659868e-01	4.634213e-01	4.614463e-01	4.595762e-01	4.573651e-01	4.543125e-01	4.497573e-01	4.461889e-01	
2.574793e-01	2.604876e-01	2.604070e-01	2.594590e-01	2.588162e-01	2.583058e-01	2.577903e-01	2.571422e-01	2.562173e-01	2.548235e-01	4.444050e-01	
2.478657e-01	2.446783e-01	2.449485e-01	2.464146e-01	2.474157e-01	2.481395e-01	2.487284e-01	2.493088e-01	2.500198e-01	2.510453e-01	4.413987e-01	
4.258110e-01	4.119399e-01	4.155813e-01	4.202755e-01	4.234685e-01	4.258171e-01	4.278159e-01	4.299083e-01	4.325864e-01	4.365032e-01	4.396143e-01	
2.380488e-01	4.100924e-01	2.352427e-01	2.366693e-01	2.376370e-01	2.383325e-01	2.388945e-01	2.394470e-01	2.401278e-01	2.411171e-01	2.411948e-01	
2.280862e-01	4.069790e-01	2.313361e-01	2.302512e-01	2.295086e-01	2.289133e-01	2.283170e-01	2.275855e-01	2.265700e-01	2.250772e-01	2.248039e-01	
3.908683e-01	4.051311e-01	4.018772e-01	3.977759e-01	3.949774e-01	3.928044e-01	3.907453e-01	3.883397e-01	3.850754e-01	3.802746e-01	3.765462e-01	
2.179421e-01	2.211939e-01	2.210982e-01	2.200406e-01	2.193156e-01	2.187354e-01	2.181560e-01	2.174477e-01	2.164664e-01	2.150193e-01	3.746419e-01	
2.076758e-01	2.043035e-01	2.045690e-01	2.060670e-01	2.070875e-01	2.078280e-01	2.084408e-01	2.090627e-01	2.098459e-01	2.109906e-01	3.714329e-01	
3.548601e-01	3.401416e-01	3.439329e-01	3.488076e-01	3.521236e-01	3.545774e-01	3.566949e-01	3.589492e-01	3.618662e-01	3.661424e-01	3.695283e-01	
1.972486e-01	3.381889e-01	1.942149e-01	1.956709e-01	1.966592e-01	1.973779e-01	1.979755e-01	1.985853e-01	1.993559e-01	2.004808e-01	2.005944e-01	
1.867214e-01	3.348983e-01	1.900839e-01	1.888820e-01	1.880607e-01	1.874151e-01	1.867899e-01	1.860455e-01	1.850265e-01	1.835311e-01	1.832746e-01	
3.179365e-01	3.329454e-01	3.294415e-01	3.250078e-01	3.219844e-01	3.196588e-01	3.174929e-01	3.150029e-01	3.116506e-01	3.067239e-01	3.028861e-01	
1.760556e-01	1.794806e-01	1.793493e-01	1.781615e-01	1.773485e-01	1.767118e-01	1.760991e-01	1.753736e-01	1.743831e-01	1.729247e-01	3.008935e-01	
1.653135e-01	1.618072e-01	1.620536e-01	1.635398e-01	1.645530e-01	1.652983e-01	1.659332e-01	1.665998e-01	1.674558e-01	1.687094e-01	2.975358e-01	
2.802586e-01	2.649419e-01	2.688097e-01	2.737676e-01	2.771419e-01	2.796576e-01	2.818626e-01	2.842493e-01	2.873657e-01	2.919369e-01	2.955430e-01	
1.544556e-01	2.629180e-01	1.512412e-01	1.526961e-01	1.536850e-01	1.544145e-01	1.550398e-01	1.557005e-01	1.565520e-01	1.577968e-01	1.579450e-01	
1.435450e-01	2.595076e-01	1.469600e-01	1.456608e-01	1.447748e-01	1.440908e-01	1.434491e-01	1.427061e-01	1.417023e-01	1.402304e-01	1.399945e-01	
2.419896e-01	2.574835e-01	2.537911e-01	2.491037e-01	2.459098e-01	2.434739e-01	2.412403e-01	2.387094e-01	2.353260e-01	2.303555e-01	2.264725e-01	
1.325402e-01	1.360780e-01	1.359136e-01	1.346195e-01	1.337359e-01	1.330566e-01	1.324231e-01	1.316930e-01	1.307085e-01	1.292601e-01	2.244259e-01	
1.215047e-01	1.179216e-01	1.181465e-01	1.196028e-01	1.205989e-01	1.213424e-01	1.219922e-01	1.226916e-01	1.236010e-01	1.249336e-01	2.209773e-01	
2.032821e-01	1.876192e-01	1.915056e-01	1.964784e-01	1.998696e-01	2.024180e-01	2.046802e-01	2.071574e-01	2.104088e-01	2.151778e-01	2.189305e-01	
1.103997e-01	1.855569e-01	1.070553e-01	1.084969e-01	1.094879e-01	1.102335e-01	1.108876e-01	1.115892e-01	1.124957e-01	1.138156e-01	1.139829e-01	
9.928853e-02	1.820818e-01	1.026870e-01	1.013320e-01	1.004330e-01	9.976028e-02	9.913957e-02	9.841602e-02	9.742283e-02	9.595110e-02	9.571155e-02	
1.643088e-01	1.800194e-01	1.761809e-01	1.713596e-01	1.681297e-01	1.657093e-01	1.635057e-01	1.609899e-01	1.575862e-01	1.525502e-01	1.486158e-01	
8.801524e-02	9.151760e-02	9.129895e-02	9.004959e-02	8.925590e-02	8.867756e-02	8.813114e-02	8.745213e-02	8.645838e-02	8.490960e-02	1.465453e-01	
7.664296e-02	7.272597e-02	7.293582e-02	7.467971e-02	7.598660e-02	7.701516e-02	7.789200e-02	7.872734e-02	7.963244e-02	8.073815e-02	1.430564e-01	
1.244198e-01	1.076475e-01	1.118038e-01	1.174953e-01	1.216250e-01	1.248345e-01	1.276174e-01	1.304073e-01	1.336562e-01	1.379173e-01	1.409858e-01	
6.629767e-02	1.054397e-01	6.090517e-02	6.330736e-02	6.507627e-02	6.645141e-02	6.764376e-02	6.883921e-02	7.023139e-02	7.204508e-02	7.156393e-02	
5.704035e-02	1.017195e-01	5.524263e-02	5.596401e-02	5.655444e-02	5.701419e-02	5.741284e-02	5.781254e-02	5.827803e-02	5.888031e-02	5.844175e-02	
9.192555e-02	9.951125e-02	9.191801e-02	9.175319e-02	9.175397e-02	9.175603e-02	9.175784e-02	9.175965e-02	9.176177e-02	9.176572e-02	9.182303e-02	
