2.641730e-01	2.642172e-01	2.642445e-01	2.642466e-01	2.642476e-01	2.642485e-01	2.642492e-01	2.642501e-01	2.642501e-01	2.641764e-01	2.615017e-01	
1.491911e-01	1.487253e-01	1.485937e-01	1.488270e-01	1.490028e-01	1.491465e-01	1.492810e-01	1.494274e-01	1.496090e-01	1.498172e-01	2.607691e-01	
1.460462e-01	1.442679e-01	1.441543e-01	1.448558e-01	1.453813e-01	1.458112e-01	1.462131e-01	1.466510e-01	1.471957e-01	1.479238e-01	2.595346e-01	
2.531320e-01	2.474883e-01	2.486788e-01	2.503261e-01	2.515530e-01	2.525564e-01	2.534948e-01	2.545168e-01	2.557889e-01	2.575256e-01	2.588019e-01	
1.424870e-01	2.467675e-01	1.411985e-01	1.416788e-01	1.420509e-01	1.423623e-01	1.426516e-01	1.429557e-01	1.433157e-01	1.437825e-01	1.438038e-01	
1.385315e-01	2.455529e-01	1.397435e-01	1.393019e-01	1.390178e-01	1.388067e-01	1.386036e-01	1.383493e-01	1.379773e-01	1.374004e-01	1.372707e-01	
2.392554e-01	2.448319e-01	2.435742e-01	2.419920e-01	2.409195e-01	2.400919e-01	2.393048e-01	2.383701e-01	2.370773e-01	2.351478e-01	2.336372e-01	
1.345174e-01	1.357831e-01	1.357523e-01	1.353614e-01	1.350964e-01	1.348845e-01	1.346679e-01	1.343930e-01	1.339993e-01	1.334058e-01	2.328852e-01	
1.304645e-01	1.291179e-01	1.292364e-01	1.298653e-01	1.302946e-01	1.306035e-01	1.308525e-01	1.310948e-01	1.313895e-01	1.318142e-01	2.316177e-01	
2.250370e-01	2.191768e-01	2.207272e-01	2.227276e-01	2.240877e-01	2.250853e-01	2.259292e-01	2.268068e-01	2.279260e-01	2.295630e-01	2.308655e-01	
1.263199e-01	2.183951e-01	1.251444e-01	1.257568e-01	1.261720e-01	1.264687e-01	1.267053e-01	1.269343e-01	1.272136e-01	1.276193e-01	1.276474e-01	
1.221043e-01	2.170776e-01	1.234925e-01	1.230440e-01	1.227368e-01	1.224881e-01	1.222347e-01	1.219198e-01	1.214800e-01	1.208332e-01	1.207114e-01	
2.102477e-01	2.162956e-01	2.149312e-01	2.132152e-01	2.120442e-01	2.111307e-01	2.102576e-01	2.092295e-01	2.078291e-01	2.057687e-01	2.041706e-01	
1.178031e-01	1.191810e-01	1.191466e-01	1.187142e-01	1.184176e-01	1.181772e-01	1.179323e-01	1.176279e-01	1.172030e-01	1.165760e-01	2.033609e-01	
1.134379e-01	1.119988e-01	1.121195e-01	1.127760e-01	1.132229e-01	1.135447e-01	1.138066e-01	1.140670e-01	1.143910e-01	1.148643e-01	2.019963e-01	
1.949334e-01	1.886537e-01	1.902916e-01	1.924009e-01	1.938352e-01	1.948915e-01	1.957942e-01	1.967452e-01	1.979689e-01	1.997625e-01	2.011865e-01	
1.089927e-01	1.878185e-01	1.077147e-01	1.083521e-01	1.087844e-01	1.090959e-01	1.093498e-01	1.096026e-01	1.099177e-01	1.103773e-01	1.104178e-01	
1.044898e-01	1.864109e-01	1.059489e-01	1.054513e-01	1.051109e-01	1.048397e-01	1.045706e-01	1.042437e-01	1.037919e-01	1.031283e-01	1.030091e-01	
1.791360e-01	1.855755e-01	1.840959e-01	1.822294e-01	1.809562e-01	1.799705e-01	1.790411e-01	1.779603e-01	1.764970e-01	1.743452e-01	1.726726e-01	
9.991330e-02	1.013814e-01	1.013346e-01	1.008489e-01	1.005163e-01	1.002516e-01	9.998978e-02	9.967230e-02	9.923407e-02	9.858813e-02	1.718142e-01	
9.528604e-02	9.376815e-02	9.388552e-02	9.455403e-02	9.500941e-02	9.534061e-02	9.561610e-02	9.589747e-02	9.625322e-02	9.677364e-02	1.703678e-01	
1.629025e-01	1.562743e-01	1.579770e-01	1.601648e-01	1.616529e-01	1.627552e-01	1.637085e-01	1.647260e-01	1.660448e-01	1.679786e-01	1.695094e-01	
9.059183e-02	1.553955e-01	8.922349e-02	8.987607e-02	9.031908e-02	9.064172e-02	9.091082e-02	9.118653e-02	9.153573e-02	9.204572e-02	9.209860e-02	
8.585393e-02	1.539145e-01	8.736563e-02	8.682412e-02	8.645436e-02	8.616402e-02	8.588308e-02	8.554863e-02	8.509078e-02	8.441878e-02	8.430338e-02	
1.462808e-01	1.530355e-01	1.514582e-01	1.494632e-01	1.481034e-01	1.470578e-01	1.460838e-01	1.449633e-01	1.434542e-01	1.412358e-01	1.395076e-01	
8.105515e-02	8.259573e-02	8.253691e-02	8.200488e-02	8.164129e-02	8.135649e-02	8.108167e-02	8.075500e-02	8.030793e-02	7.964930e-02	1.386107e-01	
7.621917e-02	7.463896e-02	7.475220e-02	7.542767e-02	7.588914e-02	7.622840e-02	7.651585e-02	7.681487e-02	7.719639e-02	7.775458e-02	1.370995e-01	
1.293149e-01	1.224115e-01	1.241620e-01	1.264089e-01	1.279402e-01	1.290813e-01	1.300774e-01	1.311494e-01	1.325436e-01	1.345876e-01	1.362025e-01	
7.132995e-02	1.214986e-01	6.988477e-02	7.054976e-02	7.100602e-02	7.134377e-02	7.163034e-02	7.192661e-02	7.230143e-02	7.284624e-02	7.290529e-02	
6.641153e-02	1.199602e-01	6.795197e-02	6.738047e-02	6.700126e-02	6.671195e-02	6.643451e-02	6.609961e-02	6.563248e-02	6.493957e-02	6.481715e-02	
1.120598e-01	1.190472e-01	1.173801e-01	1.152958e-01	1.138997e-01	1.128435e-01	1.118634e-01	1.107238e-01	1.091678e-01	1.068637e-01	1.050696e-01	
6.139513e-02	6.294997e-02	6.286789e-02	6.235094e-02	6.202414e-02	6.178107e-02	6.154048e-02	6.122932e-02	6.076647e-02	6.004453e-02	1.041429e-01	
5.630503e-02	5.453797e-02	5.464786e-02	5.547072e-02	5.608415e-02	5.656058e-02	5.695765e-02	5.732515e-02	5.771294e-02	5.817892e-02	1.025813e-01	
9.420254e-02	8.664390e-02	8.855700e-02	9.117929e-02	9.307791e-02	9.454309e-02	9.579750e-02	9.703608e-02	9.846089e-02	1.003182e-01	1.016545e-01	
5.165805e-02	8.564475e-02	4.924573e-02	5.035280e-02	5.116583e-02	5.179340e-02	5.233071e-02	5.286126e-02	5.347158e-02	5.426172e-02	5.403069e-02	
4.747823e-02	8.396099e-02	4.667423e-02	4.700751e-02	4.727883e-02	4.748859e-02	4.766819e-02	4.784554e-02	4.804955e-02	4.831182e-02	4.811047e-02	
7.952819e-02	8.296152e-02	7.952482e-02	7.945025e-02	7.945062e-02	7.945156e-02	7.945238e-02	7.945318e-02	7.945411e-02	7.945585e-02	7.948178e-02	
