3.979229e-01	3.979961e-01	3.980413e-01	3.980447e-01	3.980464e-01	3.980478e-01	3.980491e-01	3.980505e-01	3.980504e-01	3.979284e-01	3.934984e-01	
2.245070e-01	2.237353e-01	2.235169e-01	2.239026e-01	2.241933e-01	2.244313e-01	2.246540e-01	2.248968e-01	2.251982e-01	2.255437e-01	3.922849e-01	
2.192981e-01	2.163528e-01	2.161632e-01	2.173229e-01	2.181920e-01	2.189034e-01	2.195693e-01	2.202953e-01	2.211989e-01	2.224066e-01	3.902402e-01	
3.796378e-01	3.702930e-01	3.722606e-01	3.749833e-01	3.770118e-01	3.786721e-01	3.802263e-01	3.819206e-01	3.840304e-01	3.869107e-01	3.890266e-01	
2.134035e-01	3.691000e-01	2.112664e-01	2.120587e-01	2.126729e-01	2.131878e-01	2.136673e-01	2.141724e-01	2.147712e-01	2.155481e-01	2.155845e-01	
2.068559e-01	3.670895e-01	2.088573e-01	2.081222e-01	2.076493e-01	2.072986e-01	2.069628e-01	2.065439e-01	2.059320e-01	2.049829e-01	2.047705e-01	
3.566707e-01	3.658961e-01	3.638093e-01	3.611824e-01	3.594017e-01	3.580293e-01	3.567270e-01	3.551840e-01	3.530518e-01	3.498698e-01	3.473779e-01	
2.002143e-01	2.023088e-01	2.022552e-01	2.016016e-01	2.011584e-01	2.008053e-01	2.004467e-01	1.999936e-01	1.993460e-01	1.983699e-01	3.461346e-01	
1.935143e-01	1.912906e-01	1.914826e-01	1.925131e-01	1.932166e-01	1.937241e-01	1.941351e-01	1.945376e-01	1.950291e-01	1.957376e-01	3.440394e-01	
3.331684e-01	3.234912e-01	3.260413e-01	3.293301e-01	3.315666e-01	3.332094e-01	3.346035e-01	3.360581e-01	3.379167e-01	3.406349e-01	3.427958e-01	
1.866677e-01	3.222013e-01	1.847181e-01	1.857212e-01	1.864015e-01	1.868889e-01	1.872804e-01	1.876623e-01	1.881306e-01	1.888109e-01	1.888613e-01	
1.797120e-01	3.200276e-01	1.819915e-01	1.812425e-01	1.807297e-01	1.803166e-01	1.798995e-01	1.793844e-01	1.786673e-01	1.776129e-01	1.774171e-01	
3.087690e-01	3.187373e-01	3.164755e-01	3.136277e-01	3.116843e-01	3.101720e-01	3.087329e-01	3.070452e-01	3.047507e-01	3.013755e-01	2.987559e-01	
1.726225e-01	1.748943e-01	1.748325e-01	1.741062e-01	1.736082e-01	1.732072e-01	1.728029e-01	1.723046e-01	1.716117e-01	1.705896e-01	2.974232e-01	
1.654376e-01	1.630734e-01	1.632655e-01	1.643296e-01	1.650542e-01	1.655780e-01	1.660079e-01	1.664399e-01	1.669808e-01	1.677711e-01	2.951774e-01	
2.835660e-01	2.732482e-01	2.759223e-01	2.793633e-01	2.817035e-01	2.834311e-01	2.849150e-01	2.864866e-01	2.885147e-01	2.914875e-01	2.938445e-01	
1.581310e-01	2.718777e-01	1.560174e-01	1.570512e-01	1.577525e-01	1.582603e-01	1.586783e-01	1.590999e-01	1.596291e-01	1.604012e-01	1.604745e-01	
1.507420e-01	2.695680e-01	1.531189e-01	1.522886e-01	1.517209e-01	1.512717e-01	1.508316e-01	1.503022e-01	1.495742e-01	1.485054e-01	1.483178e-01	
2.576469e-01	2.681972e-01	2.657533e-01	2.626654e-01	2.605595e-01	2.589344e-01	2.574119e-01	2.556515e-01	2.532749e-01	2.497812e-01	2.470626e-01	
1.432444e-01	1.456509e-01	1.455662e-01	1.447506e-01	1.441920e-01	1.437513e-01	1.433215e-01	1.428065e-01	1.420996e-01	1.410582e-01	2.456591e-01	
1.356786e-01	1.332030e-01	1.333856e-01	1.344551e-01	1.351840e-01	1.357170e-01	1.361658e-01	1.366307e-01	1.372231e-01	1.380903e-01	2.432942e-01	
2.311072e-01	2.202950e-01	2.230485e-01	2.265823e-01	2.289868e-01	2.307736e-01	2.323294e-01	2.340019e-01	2.361778e-01	2.393690e-01	2.418906e-01	
1.280175e-01	2.188639e-01	1.257667e-01	1.268122e-01	1.275224e-01	1.280429e-01	1.284831e-01	1.289413e-01	1.295269e-01	1.303825e-01	1.304781e-01	
1.203024e-01	2.164523e-01	1.227404e-01	1.218399e-01	1.212254e-01	1.207471e-01	1.202916e-01	1.197567e-01	1.190292e-01	1.179620e-01	1.177848e-01	
2.040436e-01	2.150210e-01	2.124310e-01	2.091490e-01	2.069124e-01	2.051997e-01	2.036170e-01	2.018101e-01	1.993856e-01	1.958226e-01	1.930432e-01	
1.125047e-01	1.150098e-01	1.149037e-01	1.140126e-01	1.134040e-01	1.129318e-01	1.124841e-01	1.119601e-01	1.112482e-01	1.102002e-01	1.915894e-01	
1.046661e-01	1.021129e-01	1.022844e-01	1.033489e-01	1.040765e-01	1.046154e-01	1.050791e-01	1.055699e-01	1.062022e-01	1.071280e-01	1.891398e-01	
1.765465e-01	1.653891e-01	1.681877e-01	1.717744e-01	1.742196e-01	1.760493e-01	1.776600e-01	1.794087e-01	1.816936e-01	1.850442e-01	1.876860e-01	
9.675971e-02	1.639169e-01	9.440057e-02	9.545129e-02	9.617285e-02	9.671133e-02	9.717587e-02	9.766526e-02	9.829112e-02	9.920165e-02	9.930901e-02	
8.882771e-02	1.614360e-01	9.128280e-02	9.033826e-02	8.971153e-02	8.923811e-02	8.879285e-02	8.826457e-02	8.753346e-02	8.644952e-02	8.626534e-02	
1.487216e-01	1.599636e-01	1.572491e-01	1.538474e-01	1.515687e-01	1.498531e-01	1.482762e-01	1.464593e-01	1.439899e-01	1.403346e-01	1.374837e-01	
8.075890e-02	8.326277e-02	8.311850e-02	8.225561e-02	8.170874e-02	8.130627e-02	8.091723e-02	8.042398e-02	7.969612e-02	7.856125e-02	1.359974e-01	
7.259540e-02	6.977248e-02	6.993595e-02	7.122180e-02	7.218282e-02	7.293407e-02	7.356721e-02	7.416172e-02	7.479752e-02	7.556800e-02	1.334929e-01	
1.200849e-01	1.080036e-01	1.110296e-01	1.151754e-01	1.181802e-01	1.205071e-01	1.225119e-01	1.245064e-01	1.268150e-01	1.298337e-01	1.320066e-01	
6.515581e-02	1.064100e-01	6.128590e-02	6.303591e-02	6.432281e-02	6.531965e-02	6.617849e-02	6.703300e-02	6.802208e-02	6.930662e-02	6.894863e-02	
5.848131e-02	1.037244e-01	5.719134e-02	5.771753e-02	5.814704e-02	5.848026e-02	5.876738e-02	5.905305e-02	5.938371e-02	5.981018e-02	5.949131e-02	
9.665444e-02	1.021304e-01	9.664904e-02	9.653008e-02	9.653066e-02	9.653215e-02	9.653345e-02	9.653475e-02	9.653625e-02	9.653907e-02	9.658043e-02	
