3.643251e-01	3.643904e-01	3.644307e-01	3.644338e-01	3.644353e-01	3.644365e-01	3.644377e-01	3.644389e-01	3.644389e-01	3.643300e-01	3.603786e-01	
2.056083e-01	2.049200e-01	2.047253e-01	2.050695e-01	2.053289e-01	2.055412e-01	2.057398e-01	2.059564e-01	2.062251e-01	2.065331e-01	3.592962e-01	
2.009621e-01	1.983350e-01	1.981662e-01	1.992011e-01	1.999766e-01	2.006113e-01	2.012052e-01	2.018526e-01	2.026583e-01	2.037351e-01	3.574724e-01	
3.480148e-01	3.396788e-01	3.414349e-01	3.438648e-01	3.456750e-01	3.471564e-01	3.485426e-01	3.500536e-01	3.519348e-01	3.545031e-01	3.563899e-01	
1.957041e-01	3.386145e-01	1.937986e-01	1.945061e-01	1.950545e-01	1.955140e-01	1.959415e-01	1.963917e-01	1.969253e-01	1.976173e-01	1.976495e-01	
1.898630e-01	3.368209e-01	1.916496e-01	1.909948e-01	1.905735e-01	1.902609e-01	1.899613e-01	1.895871e-01	1.890403e-01	1.881922e-01	1.880022e-01	
3.275248e-01	3.357562e-01	3.338957e-01	3.315541e-01	3.299668e-01	3.287431e-01	3.275811e-01	3.262036e-01	3.242995e-01	3.214580e-01	3.192329e-01	
1.839371e-01	1.858059e-01	1.857586e-01	1.851771e-01	1.847828e-01	1.844684e-01	1.841485e-01	1.837439e-01	1.831651e-01	1.822928e-01	3.181234e-01	
1.779579e-01	1.759729e-01	1.761451e-01	1.770670e-01	1.776962e-01	1.781499e-01	1.785168e-01	1.788756e-01	1.793132e-01	1.799440e-01	3.162536e-01	
3.065501e-01	2.979114e-01	3.001902e-01	3.031296e-01	3.051284e-01	3.065959e-01	3.078403e-01	3.091375e-01	3.107942e-01	3.132171e-01	3.151437e-01	
1.718467e-01	2.967597e-01	1.701083e-01	1.710057e-01	1.716142e-01	1.720500e-01	1.723993e-01	1.727393e-01	1.731556e-01	1.737604e-01	1.738045e-01	
1.656360e-01	2.948187e-01	1.676740e-01	1.670074e-01	1.665509e-01	1.661827e-01	1.658100e-01	1.653491e-01	1.647067e-01	1.637622e-01	1.635861e-01	
2.847636e-01	2.936667e-01	2.916497e-01	2.891109e-01	2.873784e-01	2.860292e-01	2.847439e-01	2.832349e-01	2.811823e-01	2.781629e-01	2.758197e-01	
1.593041e-01	1.613330e-01	1.612790e-01	1.606336e-01	1.601910e-01	1.598340e-01	1.594730e-01	1.590272e-01	1.584066e-01	1.574910e-01	2.746290e-01	
1.528847e-01	1.507713e-01	1.509444e-01	1.518991e-01	1.525491e-01	1.530186e-01	1.534030e-01	1.537881e-01	1.542696e-01	1.549730e-01	2.726224e-01	
2.622447e-01	2.530216e-01	2.554160e-01	2.584979e-01	2.605937e-01	2.621399e-01	2.634662e-01	2.648688e-01	2.666776e-01	2.693287e-01	2.714314e-01	
1.463540e-01	2.517961e-01	1.444680e-01	1.453954e-01	1.460244e-01	1.464793e-01	1.468527e-01	1.472281e-01	1.476983e-01	1.483845e-01	1.484484e-01	
1.397468e-01	2.497308e-01	1.418764e-01	1.411373e-01	1.406318e-01	1.402311e-01	1.398373e-01	1.393622e-01	1.387079e-01	1.377474e-01	1.375777e-01	
2.390669e-01	2.485050e-01	2.463235e-01	2.435683e-01	2.416892e-01	2.402379e-01	2.388758e-01	2.372985e-01	2.351675e-01	2.320344e-01	2.295971e-01	
1.330395e-01	1.351920e-01	1.351181e-01	1.343933e-01	1.338969e-01	1.335043e-01	1.331200e-01	1.326581e-01	1.320231e-01	1.310874e-01	2.283410e-01	
1.262676e-01	1.240503e-01	1.242159e-01	1.251789e-01	1.258350e-01	1.263142e-01	1.267163e-01	1.271313e-01	1.276589e-01	1.284312e-01	2.262242e-01	
2.153113e-01	2.056276e-01	2.080995e-01	2.112730e-01	2.134321e-01	2.150351e-01	2.164284e-01	2.179232e-01	2.198661e-01	2.227154e-01	2.249678e-01	
1.194070e-01	2.043452e-01	1.173956e-01	1.183365e-01	1.189756e-01	1.194432e-01	1.198372e-01	1.202455e-01	1.207661e-01	1.215267e-01	1.216101e-01	
1.124938e-01	2.021843e-01	1.146841e-01	1.138817e-01	1.133341e-01	1.129069e-01	1.124982e-01	1.120165e-01	1.113603e-01	1.103975e-01	1.102361e-01	
1.910601e-01	2.009018e-01	1.985862e-01	1.956535e-01	1.936548e-01	1.921225e-01	1.907035e-01	1.890802e-01	1.868997e-01	1.836951e-01	1.811961e-01	
1.055026e-01	1.077481e-01	1.076556e-01	1.068631e-01	1.063218e-01	1.059007e-01	1.054996e-01	1.050281e-01	1.043863e-01	1.034413e-01	1.798919e-01	
9.846994e-02	9.617728e-02	9.633413e-02	9.729651e-02	9.795426e-02	9.844043e-02	9.885701e-02	9.929586e-02	9.985975e-02	1.006853e-01	1.776941e-01	
1.663897e-01	1.563717e-01	1.588920e-01	1.621234e-01	1.643261e-01	1.659725e-01	1.674185e-01	1.689847e-01	1.710286e-01	1.740255e-01	1.763897e-01	
9.137202e-02	1.550490e-01	8.925951e-02	9.020881e-02	9.086056e-02	9.134585e-02	9.176262e-02	9.219945e-02	9.275650e-02	9.356673e-02	9.366021e-02	
8.424582e-02	1.528201e-01	8.645865e-02	8.561566e-02	8.505632e-02	8.463266e-02	8.423211e-02	8.375460e-02	8.309232e-02	8.211029e-02	8.194158e-02	
1.413908e-01	1.514973e-01	1.490649e-01	1.460186e-01	1.439780e-01	1.424398e-01	1.410222e-01	1.393847e-01	1.371563e-01	1.338576e-01	1.312859e-01	
7.699152e-02	7.924192e-02	7.911522e-02	7.834713e-02	7.786067e-02	7.750165e-02	7.715238e-02	7.670714e-02	7.604868e-02	7.502190e-02	1.299486e-01	
6.964624e-02	6.710352e-02	6.725375e-02	6.841905e-02	6.928936e-02	6.996848e-02	7.053906e-02	7.107273e-02	7.164139e-02	7.232895e-02	1.276952e-01	
1.156236e-01	1.047431e-01	1.074762e-01	1.112211e-01	1.139347e-01	1.160340e-01	1.178396e-01	1.196322e-01	1.217037e-01	1.244099e-01	1.263578e-01	
6.294904e-02	1.033070e-01	5.946726e-02	6.104815e-02	6.221026e-02	6.310956e-02	6.388303e-02	6.465100e-02	6.553843e-02	6.668996e-02	6.636477e-02	
5.693636e-02	1.008870e-01	5.577580e-02	5.625130e-02	5.663914e-02	5.693976e-02	5.719832e-02	5.745506e-02	5.775172e-02	5.813401e-02	5.784610e-02	
9.451591e-02	9.945049e-02	9.451105e-02	9.440386e-02	9.440438e-02	9.440573e-02	9.440690e-02	9.440807e-02	9.440942e-02	9.441195e-02	9.444922e-02	
