2.536822e-01	2.537244e-01	2.537505e-01	2.537525e-01	2.537534e-01	2.537542e-01	2.537550e-01	2.537558e-01	2.537557e-01	2.536854e-01	2.511326e-01	
1.432750e-01	1.428304e-01	1.427048e-01	1.429275e-01	1.430953e-01	1.432325e-01	1.433608e-01	1.435005e-01	1.436739e-01	1.438726e-01	2.504333e-01	
1.402733e-01	1.385761e-01	1.384676e-01	1.391372e-01	1.396389e-01	1.400492e-01	1.404329e-01	1.408507e-01	1.413706e-01	1.420654e-01	2.492551e-01	
2.431440e-01	2.377573e-01	2.388938e-01	2.404663e-01	2.416374e-01	2.425952e-01	2.434908e-01	2.444662e-01	2.456803e-01	2.473377e-01	2.485557e-01	
1.368762e-01	2.370694e-01	1.356465e-01	1.361051e-01	1.364603e-01	1.367576e-01	1.370337e-01	1.373239e-01	1.376674e-01	1.381128e-01	1.381330e-01	
1.331007e-01	2.359100e-01	1.342578e-01	1.338365e-01	1.335654e-01	1.333639e-01	1.331701e-01	1.329273e-01	1.325721e-01	1.320212e-01	1.318973e-01	
2.298990e-01	2.352218e-01	2.340215e-01	2.325117e-01	2.314882e-01	2.306984e-01	2.299470e-01	2.290548e-01	2.278205e-01	2.259783e-01	2.245362e-01	
1.292692e-01	1.304774e-01	1.304481e-01	1.300753e-01	1.298225e-01	1.296203e-01	1.294136e-01	1.291511e-01	1.287751e-01	1.282085e-01	2.238183e-01	
1.254005e-01	1.241150e-01	1.242282e-01	1.248290e-01	1.252389e-01	1.255340e-01	1.257716e-01	1.260029e-01	1.262840e-01	1.266891e-01	2.226085e-01	
2.163264e-01	2.107321e-01	2.122125e-01	2.141227e-01	2.154215e-01	2.163740e-01	2.171796e-01	2.180171e-01	2.190852e-01	2.206473e-01	2.218904e-01	
1.214440e-01	2.099857e-01	1.203221e-01	1.209071e-01	1.213036e-01	1.215869e-01	1.218129e-01	1.220313e-01	1.222977e-01	1.226845e-01	1.227112e-01	
1.174194e-01	2.087279e-01	1.187451e-01	1.183173e-01	1.180242e-01	1.177869e-01	1.175450e-01	1.172442e-01	1.168240e-01	1.162060e-01	1.160895e-01	
2.022071e-01	2.079814e-01	2.066792e-01	2.050416e-01	2.039240e-01	2.030521e-01	2.022185e-01	2.012367e-01	1.998991e-01	1.979311e-01	1.964048e-01	
1.133129e-01	1.146283e-01	1.145957e-01	1.141834e-01	1.139005e-01	1.136712e-01	1.134374e-01	1.131467e-01	1.127407e-01	1.121417e-01	1.956316e-01	
1.091447e-01	1.077705e-01	1.078859e-01	1.085134e-01	1.089405e-01	1.092480e-01	1.094981e-01	1.097467e-01	1.100558e-01	1.105072e-01	1.943287e-01	
1.875842e-01	1.815874e-01	1.831521e-01	1.851674e-01	1.865377e-01	1.875467e-01	1.884087e-01	1.893166e-01	1.904845e-01	1.921963e-01	1.935554e-01	
1.048999e-01	1.807897e-01	1.036799e-01	1.042892e-01	1.047024e-01	1.050000e-01	1.052424e-01	1.054836e-01	1.057840e-01	1.062222e-01	1.062607e-01	
1.005994e-01	1.794454e-01	1.019936e-01	1.015189e-01	1.011942e-01	1.009353e-01	1.006783e-01	1.003657e-01	9.993373e-02	9.929929e-02	9.918513e-02	
1.724970e-01	1.786476e-01	1.772351e-01	1.754535e-01	1.742382e-01	1.732971e-01	1.724094e-01	1.713767e-01	1.699782e-01	1.679218e-01	1.663233e-01	
9.622824e-02	9.763043e-02	9.758599e-02	9.712294e-02	9.680572e-02	9.655317e-02	9.630314e-02	9.599971e-02	9.558072e-02	9.496311e-02	1.655034e-01	
9.180799e-02	9.035778e-02	9.047025e-02	9.110976e-02	9.154537e-02	9.186207e-02	9.212530e-02	9.239390e-02	9.273332e-02	9.322983e-02	1.641217e-01	
1.569896e-01	1.506570e-01	1.522846e-01	1.543762e-01	1.557989e-01	1.568524e-01	1.577632e-01	1.587349e-01	1.599939e-01	1.618401e-01	1.633016e-01	
8.732325e-02	1.498172e-01	8.601664e-02	8.664086e-02	8.706459e-02	8.737306e-02	8.763012e-02	8.789321e-02	8.822622e-02	8.871256e-02	8.876273e-02	
8.279610e-02	1.484021e-01	8.424147e-02	8.372476e-02	8.337192e-02	8.309470e-02	8.282619e-02	8.250624e-02	8.206806e-02	8.142492e-02	8.131424e-02	
1.411071e-01	1.475622e-01	1.460559e-01	1.441509e-01	1.428525e-01	1.418538e-01	1.409229e-01	1.398517e-01	1.384084e-01	1.362867e-01	1.346341e-01	
7.821014e-02	7.968233e-02	7.962653e-02	7.911911e-02	7.877232e-02	7.850052e-02	7.823793e-02	7.792549e-02	7.749768e-02	7.686741e-02	1.337769e-01	
7.358789e-02	7.207720e-02	7.218589e-02	7.283268e-02	7.327454e-02	7.359923e-02	7.387406e-02	7.415963e-02	7.452375e-02	7.505647e-02	1.323324e-01	
1.248910e-01	1.182914e-01	1.199660e-01	1.221158e-01	1.235808e-01	1.246722e-01	1.256245e-01	1.266487e-01	1.279803e-01	1.299325e-01	1.314751e-01	
6.891403e-02	1.174186e-01	6.753336e-02	6.817001e-02	6.860679e-02	6.892996e-02	6.920386e-02	6.948669e-02	6.984424e-02	7.036392e-02	7.041991e-02	
6.421143e-02	1.159477e-01	6.568539e-02	6.513985e-02	6.477787e-02	6.450151e-02	6.423617e-02	6.391550e-02	6.346802e-02	6.280423e-02	6.268667e-02	
1.083929e-01	1.150747e-01	1.134818e-01	1.114905e-01	1.101566e-01	1.091473e-01	1.082101e-01	1.071196e-01	1.056304e-01	1.034251e-01	1.017080e-01	
5.941434e-02	6.090109e-02	6.082308e-02	6.032992e-02	6.001823e-02	5.978623e-02	5.955623e-02	5.925839e-02	5.881515e-02	5.812376e-02	1.008217e-01	
5.454586e-02	5.285531e-02	5.296090e-02	5.374924e-02	5.433683e-02	5.479301e-02	5.517293e-02	5.552424e-02	5.589461e-02	5.633942e-02	9.932812e-02	
9.131302e-02	8.408188e-02	8.591331e-02	8.842372e-02	9.024123e-02	9.164349e-02	9.284356e-02	9.402790e-02	9.538977e-02	9.716464e-02	9.844170e-02	
5.010069e-02	8.312589e-02	4.779344e-02	4.885329e-02	4.963157e-02	5.023219e-02	5.074622e-02	5.125353e-02	5.183689e-02	5.259195e-02	5.237050e-02	
4.610174e-02	8.151487e-02	4.533276e-02	4.565185e-02	4.591157e-02	4.611232e-02	4.628414e-02	4.645372e-02	4.664871e-02	4.689934e-02	4.670661e-02	
7.727356e-02	8.055858e-02	7.727033e-02	7.719899e-02	7.719934e-02	7.720024e-02	7.720102e-02	7.720179e-02	7.720268e-02	7.720435e-02	7.722916e-02	
