3.539410e-01	3.540040e-01	3.540428e-01	3.540458e-01	3.540473e-01	3.540484e-01	3.540495e-01	3.540507e-01	3.540507e-01	3.539458e-01	3.501370e-01	
1.997644e-01	1.991010e-01	1.989133e-01	1.992451e-01	1.994952e-01	1.996998e-01	1.998913e-01	2.001000e-01	2.003590e-01	2.006558e-01	3.490936e-01	
1.952859e-01	1.927536e-01	1.925910e-01	1.935887e-01	1.943363e-01	1.949481e-01	1.955206e-01	1.961446e-01	1.969211e-01	1.979589e-01	3.473356e-01	
3.382193e-01	3.301840e-01	3.318770e-01	3.342196e-01	3.359647e-01	3.373927e-01	3.387290e-01	3.401852e-01	3.419984e-01	3.444737e-01	3.462922e-01	
1.902177e-01	3.291581e-01	1.883811e-01	1.890633e-01	1.895920e-01	1.900350e-01	1.904471e-01	1.908810e-01	1.913951e-01	1.920619e-01	1.920928e-01	
1.845871e-01	3.274291e-01	1.863096e-01	1.856788e-01	1.852728e-01	1.849716e-01	1.846827e-01	1.843219e-01	1.837945e-01	1.829766e-01	1.827933e-01	
3.184677e-01	3.264028e-01	3.246097e-01	3.223530e-01	3.208233e-01	3.196439e-01	3.185238e-01	3.171957e-01	3.153597e-01	3.126197e-01	3.104742e-01	
1.788747e-01	1.806761e-01	1.806307e-01	1.800706e-01	1.796909e-01	1.793879e-01	1.790795e-01	1.786894e-01	1.781312e-01	1.772899e-01	3.094046e-01	
1.731103e-01	1.711965e-01	1.713628e-01	1.722522e-01	1.728592e-01	1.732968e-01	1.736506e-01	1.739964e-01	1.744179e-01	1.750255e-01	3.076020e-01	
2.982467e-01	2.899178e-01	2.921156e-01	2.949506e-01	2.968784e-01	2.982937e-01	2.994933e-01	3.007437e-01	3.023402e-01	3.046752e-01	3.065320e-01	
1.672184e-01	2.888073e-01	1.655430e-01	1.664088e-01	1.669958e-01	1.674161e-01	1.677529e-01	1.680804e-01	1.684813e-01	1.690637e-01	1.691059e-01	
1.612300e-01	2.869359e-01	1.631959e-01	1.625537e-01	1.621140e-01	1.617592e-01	1.613998e-01	1.609550e-01	1.603351e-01	1.594234e-01	1.592533e-01	
2.772399e-01	2.858251e-01	2.838810e-01	2.814342e-01	2.797645e-01	2.784640e-01	2.772246e-01	2.757690e-01	2.737888e-01	2.708756e-01	2.686152e-01	
1.551243e-01	1.570806e-01	1.570290e-01	1.564075e-01	1.559814e-01	1.556375e-01	1.552895e-01	1.548593e-01	1.542603e-01	1.533766e-01	2.674668e-01	
1.489334e-01	1.468949e-01	1.470624e-01	1.479842e-01	1.486119e-01	1.490650e-01	1.494358e-01	1.498070e-01	1.502708e-01	1.509484e-01	2.655317e-01	
2.555224e-01	2.466265e-01	2.489371e-01	2.519114e-01	2.539341e-01	2.554260e-01	2.567052e-01	2.580575e-01	2.598008e-01	2.623562e-01	2.643831e-01	
1.426345e-01	2.454442e-01	1.408164e-01	1.417118e-01	1.423192e-01	1.427582e-01	1.431183e-01	1.434800e-01	1.439327e-01	1.445933e-01	1.446545e-01	
1.362609e-01	2.434519e-01	1.383165e-01	1.376044e-01	1.371175e-01	1.367313e-01	1.363513e-01	1.358924e-01	1.352604e-01	1.343325e-01	1.341682e-01	
2.331640e-01	2.422695e-01	2.401663e-01	2.375103e-01	2.356988e-01	2.342993e-01	2.329853e-01	2.314628e-01	2.294054e-01	2.263805e-01	2.240275e-01	
1.297900e-01	1.318665e-01	1.317958e-01	1.310980e-01	1.306200e-01	1.302418e-01	1.298711e-01	1.294251e-01	1.288116e-01	1.279077e-01	2.228154e-01	
1.232556e-01	1.211156e-01	1.212761e-01	1.222070e-01	1.228412e-01	1.233042e-01	1.236923e-01	1.240923e-01	1.246007e-01	1.253448e-01	2.207729e-01	
2.102415e-01	2.008956e-01	2.032830e-01	2.063482e-01	2.084336e-01	2.099815e-01	2.113261e-01	2.127679e-01	2.146412e-01	2.173885e-01	2.195606e-01	
1.166346e-01	1.996579e-01	1.146947e-01	1.156042e-01	1.162219e-01	1.166736e-01	1.170537e-01	1.174472e-01	1.179485e-01	1.186809e-01	1.187607e-01	
1.099617e-01	1.975720e-01	1.120775e-01	1.113044e-01	1.107767e-01	1.103647e-01	1.099701e-01	1.095045e-01	1.088698e-01	1.079385e-01	1.077819e-01	
1.868329e-01	1.963341e-01	1.941005e-01	1.912721e-01	1.893444e-01	1.878661e-01	1.864962e-01	1.849280e-01	1.828209e-01	1.797242e-01	1.773096e-01	
1.032123e-01	1.053801e-01	1.052914e-01	1.045283e-01	1.040069e-01	1.036011e-01	1.032139e-01	1.027583e-01	1.021376e-01	1.012237e-01	1.760502e-01	
9.642150e-02	9.420710e-02	9.435941e-02	9.529087e-02	9.592745e-02	9.639768e-02	9.680009e-02	9.722342e-02	9.776692e-02	9.856254e-02	1.739281e-01	
1.630107e-01	1.533349e-01	1.557712e-01	1.588954e-01	1.610250e-01	1.626162e-01	1.640128e-01	1.655243e-01	1.674961e-01	1.703873e-01	1.726685e-01	
8.956635e-02	1.520571e-01	8.752767e-02	8.844625e-02	8.907687e-02	8.954612e-02	8.994855e-02	9.036971e-02	9.090630e-02	9.168670e-02	9.177614e-02	
8.268234e-02	1.499040e-01	8.482205e-02	8.400935e-02	8.347009e-02	8.306133e-02	8.267423e-02	8.221211e-02	8.157075e-02	8.061970e-02	8.045578e-02	
1.388612e-01	1.486261e-01	1.462783e-01	1.433384e-01	1.413691e-01	1.398840e-01	1.385143e-01	1.369310e-01	1.347755e-01	1.315845e-01	1.290972e-01	
7.567307e-02	7.784725e-02	7.772571e-02	7.698581e-02	7.651729e-02	7.617123e-02	7.583390e-02	7.540319e-02	7.476577e-02	7.377179e-02	1.278048e-01	
6.857419e-02	6.611597e-02	6.626207e-02	6.739072e-02	6.823347e-02	6.889072e-02	6.944243e-02	6.995783e-02	7.050642e-02	7.116926e-02	1.256269e-01	
1.139582e-01	1.034397e-01	1.060841e-01	1.097077e-01	1.123332e-01	1.143637e-01	1.161092e-01	1.178411e-01	1.198414e-01	1.224540e-01	1.243344e-01	
6.210070e-02	1.020511e-01	5.873579e-02	6.026548e-02	6.138982e-02	6.225965e-02	6.300739e-02	6.374934e-02	6.460626e-02	6.571792e-02	6.540274e-02	
5.628762e-02	9.971121e-02	5.516604e-02	5.562618e-02	5.600142e-02	5.629218e-02	5.654214e-02	5.679017e-02	5.707663e-02	5.744568e-02	5.716714e-02	
9.355104e-02	9.832227e-02	9.354635e-02	9.344270e-02	9.344321e-02	9.344452e-02	9.344565e-02	9.344677e-02	9.344808e-02	9.345052e-02	9.348656e-02	
