2.340948e-01	2.341333e-01	2.341571e-01	2.341589e-01	2.341598e-01	2.341605e-01	2.341612e-01	2.341619e-01	2.341619e-01	2.340977e-01	2.317671e-01	
1.322261e-01	1.318202e-01	1.317056e-01	1.319089e-01	1.320621e-01	1.321874e-01	1.323045e-01	1.324321e-01	1.325903e-01	1.327716e-01	2.311287e-01	
1.294857e-01	1.279361e-01	1.278372e-01	1.284487e-01	1.289068e-01	1.292814e-01	1.296316e-01	1.300131e-01	1.304876e-01	1.311218e-01	2.300530e-01	
2.244737e-01	2.195556e-01	2.205934e-01	2.220294e-01	2.230988e-01	2.239734e-01	2.247910e-01	2.256814e-01	2.267897e-01	2.283026e-01	2.294145e-01	
1.263842e-01	2.189275e-01	1.252617e-01	1.256806e-01	1.260050e-01	1.262764e-01	1.265285e-01	1.267933e-01	1.271068e-01	1.275132e-01	1.275316e-01	
1.229371e-01	2.178690e-01	1.239938e-01	1.236094e-01	1.233621e-01	1.231782e-01	1.230011e-01	1.227793e-01	1.224548e-01	1.219515e-01	1.218382e-01	
2.123804e-01	2.172407e-01	2.161450e-01	2.147670e-01	2.138329e-01	2.131119e-01	2.124258e-01	2.116110e-01	2.104835e-01	2.088008e-01	2.074836e-01	
1.194386e-01	1.205417e-01	1.205151e-01	1.201752e-01	1.199446e-01	1.197602e-01	1.195715e-01	1.193317e-01	1.189882e-01	1.184704e-01	2.068281e-01	
1.159058e-01	1.147318e-01	1.148354e-01	1.153846e-01	1.157593e-01	1.160290e-01	1.162460e-01	1.164570e-01	1.167135e-01	1.170831e-01	2.057233e-01	
1.999862e-01	1.948770e-01	1.962297e-01	1.979751e-01	1.991619e-01	2.000320e-01	2.007678e-01	2.015324e-01	2.025072e-01	2.039329e-01	2.050675e-01	
1.122926e-01	1.941953e-01	1.112685e-01	1.118033e-01	1.121657e-01	1.124246e-01	1.126309e-01	1.128302e-01	1.130730e-01	1.134257e-01	1.134498e-01	
1.086166e-01	1.930465e-01	1.098282e-01	1.094380e-01	1.091706e-01	1.089540e-01	1.087330e-01	1.084580e-01	1.080737e-01	1.075084e-01	1.074017e-01	
1.870899e-01	1.923646e-01	1.911759e-01	1.896812e-01	1.886611e-01	1.878651e-01	1.871036e-01	1.862063e-01	1.849836e-01	1.831846e-01	1.817894e-01	
1.048654e-01	1.060670e-01	1.060376e-01	1.056617e-01	1.054039e-01	1.051947e-01	1.049812e-01	1.047153e-01	1.043441e-01	1.037962e-01	1.810830e-01	
1.010572e-01	9.980140e-02	9.990732e-02	1.004816e-01	1.008725e-01	1.011538e-01	1.013824e-01	1.016092e-01	1.018912e-01	1.023030e-01	1.798926e-01	
1.737297e-01	1.682498e-01	1.696807e-01	1.715238e-01	1.727770e-01	1.736995e-01	1.744873e-01	1.753163e-01	1.763825e-01	1.779452e-01	1.791861e-01	
9.717842e-02	1.675207e-01	9.606444e-02	9.662205e-02	9.700016e-02	9.727240e-02	9.749381e-02	9.771390e-02	9.798771e-02	9.838711e-02	9.842187e-02	
9.324797e-02	1.662921e-01	9.452328e-02	9.409029e-02	9.379408e-02	9.355770e-02	9.332274e-02	9.303663e-02	9.264098e-02	9.205990e-02	9.195507e-02	
1.599405e-01	1.655629e-01	1.642730e-01	1.626462e-01	1.615365e-01	1.606768e-01	1.598654e-01	1.589207e-01	1.576410e-01	1.557593e-01	1.542967e-01	
8.925220e-02	9.053389e-02	9.049376e-02	9.007171e-02	8.978255e-02	8.955214e-02	8.932363e-02	8.904594e-02	8.866225e-02	8.809665e-02	1.535471e-01	
8.521062e-02	8.388425e-02	8.398767e-02	8.457384e-02	8.497309e-02	8.526319e-02	8.550397e-02	8.574926e-02	8.605894e-02	8.651192e-02	1.522837e-01	
1.457614e-01	1.399698e-01	1.414598e-01	1.433749e-01	1.446775e-01	1.456417e-01	1.464747e-01	1.473625e-01	1.485125e-01	1.501987e-01	1.515339e-01	
8.110920e-02	1.392016e-01	7.991535e-02	8.048742e-02	8.087572e-02	8.115820e-02	8.139322e-02	8.163332e-02	8.193690e-02	8.238024e-02	8.242555e-02	
7.696793e-02	1.379071e-01	7.829155e-02	7.782004e-02	7.749804e-02	7.724478e-02	7.699904e-02	7.670577e-02	7.630383e-02	7.571384e-02	7.561193e-02	
1.312326e-01	1.371388e-01	1.357622e-01	1.340217e-01	1.328353e-01	1.319223e-01	1.310706e-01	1.300895e-01	1.287673e-01	1.268234e-01	1.253095e-01	
7.277184e-02	7.411877e-02	7.406836e-02	7.360571e-02	7.328951e-02	7.304138e-02	7.280120e-02	7.251489e-02	7.212256e-02	7.154451e-02	1.245250e-01	
6.854136e-02	6.715821e-02	6.725843e-02	6.785227e-02	6.825793e-02	6.855578e-02	6.880745e-02	6.906844e-02	6.940085e-02	6.988712e-02	1.232029e-01	
1.163907e-01	1.103485e-01	1.118835e-01	1.138545e-01	1.151976e-01	1.161977e-01	1.170695e-01	1.180062e-01	1.192235e-01	1.210079e-01	1.224182e-01	
6.426249e-02	1.095491e-01	6.299987e-02	6.358423e-02	6.398509e-02	6.428143e-02	6.453211e-02	6.479040e-02	6.511652e-02	6.559047e-02	6.564100e-02	
5.995599e-02	1.082021e-01	6.130760e-02	6.080941e-02	6.047885e-02	6.022620e-02	5.998307e-02	5.968869e-02	5.927753e-02	5.866759e-02	5.855912e-02	
1.012820e-01	1.074027e-01	1.059455e-01	1.041244e-01	1.029046e-01	1.019811e-01	1.011226e-01	1.001226e-01	9.875639e-02	9.673311e-02	9.515808e-02	
5.556166e-02	5.692340e-02	5.685269e-02	5.640287e-02	5.611864e-02	5.590683e-02	5.569627e-02	5.542299e-02	5.501594e-02	5.438098e-02	9.434588e-02	
5.110045e-02	4.955064e-02	4.964819e-02	5.037266e-02	5.091249e-02	5.133130e-02	5.167966e-02	5.200127e-02	5.233981e-02	5.274598e-02	9.297726e-02	
8.563083e-02	7.900209e-02	8.068290e-02	8.298698e-02	8.465491e-02	8.594127e-02	8.704139e-02	8.812615e-02	8.937265e-02	9.099659e-02	9.216499e-02	
4.702633e-02	7.812553e-02	4.491216e-02	4.588492e-02	4.659913e-02	4.715010e-02	4.762131e-02	4.808596e-02	4.861989e-02	4.931072e-02	4.910703e-02	
4.336013e-02	7.664837e-02	4.265552e-02	4.294842e-02	4.318676e-02	4.337091e-02	4.352842e-02	4.368373e-02	4.386220e-02	4.409150e-02	4.391464e-02	
7.275945e-02	7.577153e-02	7.275650e-02	7.269108e-02	7.269141e-02	7.269223e-02	7.269294e-02	7.269365e-02	7.269446e-02	7.269599e-02	7.271874e-02	
