5.939746e-01	5.941025e-01	5.941814e-01	5.941874e-01	5.941903e-01	5.941927e-01	5.941950e-01	5.941974e-01	5.941973e-01	5.939842e-01	5.862468e-01	
3.345046e-01	3.331564e-01	3.327738e-01	3.334457e-01	3.339523e-01	3.343675e-01	3.347568e-01	3.351817e-01	3.357095e-01	3.363146e-01	5.841274e-01	
3.254067e-01	3.202629e-01	3.199282e-01	3.219477e-01	3.234621e-01	3.247031e-01	3.258665e-01	3.271366e-01	3.287186e-01	3.308329e-01	5.805561e-01	
5.620437e-01	5.457300e-01	5.491552e-01	5.538953e-01	5.574288e-01	5.603242e-01	5.630388e-01	5.660021e-01	5.696946e-01	5.747352e-01	5.784365e-01	
3.151128e-01	5.436483e-01	3.113725e-01	3.127476e-01	3.138149e-01	3.147118e-01	3.155500e-01	3.164360e-01	3.174888e-01	3.188553e-01	3.189223e-01	
3.036874e-01	5.401401e-01	3.071666e-01	3.058731e-01	3.050406e-01	3.044255e-01	3.038406e-01	3.031152e-01	3.020577e-01	3.004168e-01	3.000525e-01	
5.219737e-01	5.380578e-01	5.344033e-01	5.297985e-01	5.266769e-01	5.242755e-01	5.220048e-01	5.193232e-01	5.156231e-01	5.101021e-01	5.057763e-01	
2.921053e-01	2.957587e-01	2.956582e-01	2.945001e-01	2.937149e-01	2.930926e-01	2.924663e-01	2.916811e-01	2.905617e-01	2.888751e-01	5.036111e-01	
2.804370e-01	2.765708e-01	2.768949e-01	2.786652e-01	2.798740e-01	2.807492e-01	2.814636e-01	2.821699e-01	2.830372e-01	2.842883e-01	4.999623e-01	
4.810510e-01	4.642256e-01	4.686326e-01	4.743119e-01	4.781753e-01	4.810196e-01	4.834446e-01	4.859880e-01	4.892468e-01	4.940129e-01	4.977966e-01	
2.685270e-01	4.619857e-01	2.651148e-01	2.668371e-01	2.680056e-01	2.688467e-01	2.695290e-01	2.702030e-01	2.710358e-01	2.722463e-01	2.723444e-01	
2.564484e-01	4.582110e-01	2.603774e-01	2.590533e-01	2.581470e-01	2.574227e-01	2.567005e-01	2.558182e-01	2.545955e-01	2.527984e-01	2.524721e-01	
4.386891e-01	4.559706e-01	4.520152e-01	4.470264e-01	4.436224e-01	4.409828e-01	4.384879e-01	4.355798e-01	4.316383e-01	4.258422e-01	4.213389e-01	
2.441568e-01	2.480978e-01	2.479766e-01	2.466818e-01	2.457942e-01	2.450864e-01	2.443837e-01	2.435290e-01	2.423473e-01	2.406051e-01	4.190335e-01	
2.317277e-01	2.276493e-01	2.279641e-01	2.297615e-01	2.309860e-01	2.318767e-01	2.326175e-01	2.333738e-01	2.343295e-01	2.357268e-01	4.151484e-01	
3.950976e-01	3.772960e-01	3.818646e-01	3.877357e-01	3.917301e-01	3.946900e-01	3.972516e-01	3.999871e-01	4.035325e-01	4.087302e-01	4.128426e-01	
2.191133e-01	3.749360e-01	2.154307e-01	2.171781e-01	2.183645e-01	2.192297e-01	2.199533e-01	2.206970e-01	2.216405e-01	2.230180e-01	2.231620e-01	
2.063906e-01	3.709592e-01	2.104371e-01	2.089708e-01	2.079691e-01	2.071848e-01	2.064306e-01	2.055380e-01	2.043197e-01	2.025323e-01	2.022302e-01	
3.504760e-01	3.685989e-01	3.643484e-01	3.589653e-01	3.552947e-01	3.524765e-01	3.498614e-01	3.468651e-01	3.428381e-01	3.369205e-01	3.323081e-01	
1.935122e-01	1.976490e-01	1.974826e-01	1.960285e-01	1.950334e-01	1.942576e-01	1.935169e-01	1.926461e-01	1.914610e-01	1.897167e-01	3.299049e-01	
1.805565e-01	1.763339e-01	1.766219e-01	1.783910e-01	1.795974e-01	1.804879e-01	1.812521e-01	1.820608e-01	1.831038e-01	1.846318e-01	3.258552e-01	
3.050367e-01	2.865886e-01	2.912235e-01	2.971603e-01	3.012015e-01	3.042204e-01	3.068768e-01	3.097641e-01	3.135420e-01	3.190840e-01	3.234518e-01	
1.674753e-01	2.841534e-01	1.635852e-01	1.653187e-01	1.664974e-01	1.673703e-01	1.681247e-01	1.689289e-01	1.699703e-01	1.714929e-01	1.716807e-01	
1.543476e-01	2.800500e-01	1.584331e-01	1.568514e-01	1.557731e-01	1.549447e-01	1.541746e-01	1.532902e-01	1.521003e-01	1.503560e-01	1.500827e-01	
2.589938e-01	2.776147e-01	2.731507e-01	2.674779e-01	2.636129e-01	2.606722e-01	2.579880e-01	2.549602e-01	2.509217e-01	2.449900e-01	2.403520e-01	
1.411229e-01	1.453760e-01	1.451681e-01	1.435868e-01	1.425073e-01	1.416817e-01	1.409192e-01	1.400486e-01	1.388799e-01	1.371613e-01	2.378961e-01	
1.278805e-01	1.235889e-01	1.238470e-01	1.255645e-01	1.267396e-01	1.276208e-01	1.283984e-01	1.292438e-01	1.303487e-01	1.319686e-01	2.337578e-01	
2.125482e-01	1.937850e-01	1.984104e-01	2.043231e-01	2.083562e-01	2.113946e-01	2.141053e-01	2.170888e-01	2.210151e-01	2.267747e-01	2.313018e-01	
1.145731e-01	1.913176e-01	1.105436e-01	1.122468e-01	1.134182e-01	1.143041e-01	1.150890e-01	1.159399e-01	1.170457e-01	1.186565e-01	1.188687e-01	
1.012796e-01	1.871600e-01	1.053167e-01	1.036729e-01	1.025823e-01	1.017707e-01	1.010303e-01	1.001763e-01	9.901003e-02	9.728239e-02	9.700887e-02	
1.659226e-01	1.846926e-01	1.800745e-01	1.742665e-01	1.703755e-01	1.674675e-01	1.648347e-01	1.618457e-01	1.578128e-01	1.518474e-01	1.471822e-01	
8.781314e-02	9.199978e-02	9.172645e-02	9.020297e-02	8.923385e-02	8.853161e-02	8.787686e-02	8.707295e-02	8.590233e-02	8.407834e-02	1.447131e-01	
7.425198e-02	6.959207e-02	6.982967e-02	7.187560e-02	7.341141e-02	7.462517e-02	7.566712e-02	7.666831e-02	7.776137e-02	7.910288e-02	1.405526e-01	
1.183585e-01	9.839866e-02	1.033132e-01	1.100410e-01	1.149257e-01	1.187303e-01	1.220417e-01	1.253766e-01	1.292742e-01	1.343950e-01	1.380835e-01	
6.192870e-02	9.577472e-02	5.549731e-02	5.833658e-02	6.042908e-02	6.205929e-02	6.347826e-02	6.490736e-02	6.657764e-02	6.875758e-02	6.819626e-02	
5.091840e-02	9.135315e-02	4.877419e-02	4.962617e-02	5.032465e-02	5.086971e-02	5.134416e-02	5.182203e-02	5.238053e-02	5.310452e-02	5.258557e-02	
7.971303e-02	8.872866e-02	7.970404e-02	7.950812e-02	7.950903e-02	7.951147e-02	7.951362e-02	7.951578e-02	7.951833e-02	7.952307e-02	7.959118e-02	
