2.105625e-01	2.105967e-01	2.106179e-01	2.106195e-01	2.106203e-01	2.106209e-01	2.106215e-01	2.106222e-01	2.106221e-01	2.105651e-01	2.084929e-01	
1.189473e-01	1.185865e-01	1.184846e-01	1.186654e-01	1.188016e-01	1.189130e-01	1.190171e-01	1.191305e-01	1.192712e-01	1.194324e-01	2.079254e-01	
1.165109e-01	1.151332e-01	1.150453e-01	1.155891e-01	1.159965e-01	1.163296e-01	1.166410e-01	1.169800e-01	1.174019e-01	1.179656e-01	2.069689e-01	
2.020084e-01	1.976357e-01	1.985586e-01	1.998357e-01	2.007867e-01	2.015643e-01	2.022912e-01	2.030828e-01	2.040680e-01	2.054129e-01	2.064013e-01	
1.137533e-01	1.970772e-01	1.127555e-01	1.131282e-01	1.134167e-01	1.136581e-01	1.138822e-01	1.141176e-01	1.143961e-01	1.147572e-01	1.147735e-01	
1.106883e-01	1.961360e-01	1.116283e-01	1.112867e-01	1.110669e-01	1.109035e-01	1.107461e-01	1.105487e-01	1.102599e-01	1.098121e-01	1.097112e-01	
1.912555e-01	1.955773e-01	1.946034e-01	1.933786e-01	1.925483e-01	1.919075e-01	1.912974e-01	1.905726e-01	1.895697e-01	1.880728e-01	1.869011e-01	
1.075776e-01	1.085584e-01	1.085349e-01	1.082330e-01	1.080283e-01	1.078644e-01	1.076966e-01	1.074834e-01	1.071777e-01	1.067169e-01	1.863181e-01	
1.044358e-01	1.033917e-01	1.034840e-01	1.039729e-01	1.043066e-01	1.045465e-01	1.047396e-01	1.049271e-01	1.051549e-01	1.054832e-01	1.853356e-01	
1.802332e-01	1.756890e-01	1.768926e-01	1.784460e-01	1.795021e-01	1.802763e-01	1.809306e-01	1.816103e-01	1.824768e-01	1.837439e-01	1.847525e-01	
1.012223e-01	1.750826e-01	1.003120e-01	1.007881e-01	1.011108e-01	1.013412e-01	1.015246e-01	1.017016e-01	1.019172e-01	1.022302e-01	1.022515e-01	
9.795248e-02	1.740607e-01	9.903085e-02	9.868426e-02	9.844682e-02	9.825429e-02	9.805766e-02	9.781276e-02	9.747040e-02	9.696684e-02	9.687161e-02	
1.687616e-01	1.734542e-01	1.723974e-01	1.710688e-01	1.701621e-01	1.694543e-01	1.687769e-01	1.679782e-01	1.668897e-01	1.652880e-01	1.640459e-01	
9.461528e-02	9.568419e-02	9.565833e-02	9.532475e-02	9.509592e-02	9.491015e-02	9.472020e-02	9.448352e-02	9.415280e-02	9.366468e-02	1.634174e-01	
9.122681e-02	9.010914e-02	9.020377e-02	9.071573e-02	9.106420e-02	9.131487e-02	9.151830e-02	9.171996e-02	9.197039e-02	9.233610e-02	1.623582e-01	
1.568737e-01	1.519966e-01	1.532711e-01	1.549130e-01	1.560292e-01	1.568507e-01	1.575518e-01	1.582891e-01	1.592369e-01	1.606261e-01	1.617295e-01	
8.777492e-02	1.513477e-01	8.678431e-02	8.728138e-02	8.761842e-02	8.786095e-02	8.805794e-02	8.825346e-02	8.849646e-02	8.885091e-02	8.888145e-02	
8.427631e-02	1.502541e-01	8.541253e-02	8.502794e-02	8.476481e-02	8.455465e-02	8.434542e-02	8.409033e-02	8.373735e-02	8.321893e-02	8.312514e-02	
1.445994e-01	1.496050e-01	1.484577e-01	1.470111e-01	1.460244e-01	1.452596e-01	1.445372e-01	1.436955e-01	1.425550e-01	1.408778e-01	1.395744e-01	
8.071885e-02	8.185987e-02	8.182461e-02	8.145005e-02	8.119341e-02	8.098869e-02	8.078531e-02	8.053777e-02	8.019551e-02	7.969096e-02	1.389068e-01	
7.711971e-02	7.593818e-02	7.603083e-02	7.655422e-02	7.691070e-02	7.716954e-02	7.738406e-02	7.760222e-02	7.787735e-02	7.827978e-02	1.377817e-01	
1.319723e-01	1.268132e-01	1.281419e-01	1.298499e-01	1.310116e-01	1.318712e-01	1.326131e-01	1.334033e-01	1.344262e-01	1.359261e-01	1.371140e-01	
7.346645e-02	1.261288e-01	7.240410e-02	7.291481e-02	7.326145e-02	7.351341e-02	7.372270e-02	7.393607e-02	7.420555e-02	7.459906e-02	7.463887e-02	
6.977666e-02	1.249754e-01	7.095739e-02	7.053838e-02	7.025222e-02	7.002690e-02	6.980784e-02	6.954596e-02	6.918677e-02	6.865950e-02	6.856807e-02	
1.190272e-01	1.242909e-01	1.230656e-01	1.215168e-01	1.204611e-01	1.196482e-01	1.188892e-01	1.180140e-01	1.168340e-01	1.150991e-01	1.137482e-01	
6.603706e-02	6.723736e-02	6.719305e-02	6.678231e-02	6.650155e-02	6.628098e-02	6.606699e-02	6.581143e-02	6.546092e-02	6.494443e-02	1.130488e-01	
6.226565e-02	6.103210e-02	6.112216e-02	6.165336e-02	6.201621e-02	6.228239e-02	6.250688e-02	6.273919e-02	6.303470e-02	6.346695e-02	1.118702e-01	
1.057957e-01	1.004073e-01	1.017780e-01	1.035384e-01	1.047380e-01	1.056307e-01	1.064082e-01	1.072426e-01	1.083262e-01	1.099148e-01	1.111707e-01	
5.845000e-02	9.969423e-02	5.732537e-02	5.784793e-02	5.820636e-02	5.847107e-02	5.869454e-02	5.892427e-02	5.921392e-02	5.963481e-02	5.967916e-02	
5.460844e-02	9.849265e-02	5.581585e-02	5.537280e-02	5.507882e-02	5.485385e-02	5.463684e-02	5.437354e-02	5.400546e-02	5.345938e-02	5.336184e-02	
9.231806e-02	9.777951e-02	9.648121e-02	9.485910e-02	9.377257e-02	9.294948e-02	9.218343e-02	9.129023e-02	9.006911e-02	8.826069e-02	8.685319e-02	
5.068727e-02	5.190221e-02	5.183983e-02	5.144030e-02	5.118794e-02	5.099961e-02	5.081184e-02	5.056756e-02	5.020336e-02	4.963521e-02	8.612819e-02	
4.670501e-02	4.532094e-02	4.540876e-02	4.605745e-02	4.654068e-02	4.691528e-02	4.722646e-02	4.751324e-02	4.781462e-02	4.817581e-02	8.490650e-02	
7.834703e-02	7.242752e-02	7.393037e-02	7.599062e-02	7.748185e-02	7.863146e-02	7.961389e-02	8.058171e-02	8.169300e-02	8.314023e-02	8.418144e-02	
4.306751e-02	7.164455e-02	4.118038e-02	4.205021e-02	4.268875e-02	4.318114e-02	4.360193e-02	4.401648e-02	4.449248e-02	4.510812e-02	4.492556e-02	
3.979320e-02	7.032509e-02	3.916426e-02	3.942621e-02	3.963929e-02	3.980387e-02	3.994451e-02	4.008308e-02	4.024218e-02	4.044652e-02	4.028841e-02	
6.685136e-02	6.954186e-02	6.684873e-02	6.679030e-02	6.679059e-02	6.679133e-02	6.679197e-02	6.679259e-02	6.679332e-02	6.679468e-02	6.681500e-02	
