2.988169e-01	2.988680e-01	2.988996e-01	2.989020e-01	2.989031e-01	2.989041e-01	2.989050e-01	2.989060e-01	2.989059e-01	2.988207e-01	2.957286e-01	
1.687197e-01	1.681812e-01	1.680290e-01	1.682985e-01	1.685017e-01	1.686678e-01	1.688233e-01	1.689926e-01	1.692027e-01	1.694435e-01	2.948816e-01	
1.650839e-01	1.630280e-01	1.628964e-01	1.637070e-01	1.643144e-01	1.648113e-01	1.652760e-01	1.657823e-01	1.664123e-01	1.672543e-01	2.934544e-01	
2.860527e-01	2.795285e-01	2.809041e-01	2.828076e-01	2.842254e-01	2.853852e-01	2.864700e-01	2.876519e-01	2.891230e-01	2.911315e-01	2.926073e-01	
1.609691e-01	2.786953e-01	1.594790e-01	1.600338e-01	1.604636e-01	1.608235e-01	1.611580e-01	1.615098e-01	1.619264e-01	1.624667e-01	1.624915e-01	
1.563968e-01	2.772913e-01	1.577971e-01	1.572859e-01	1.569571e-01	1.567128e-01	1.564781e-01	1.561845e-01	1.557552e-01	1.550893e-01	1.549397e-01	
2.700127e-01	2.764579e-01	2.750032e-01	2.731730e-01	2.719324e-01	2.709754e-01	2.700655e-01	2.689859e-01	2.674927e-01	2.652643e-01	2.635196e-01	
1.517572e-01	1.532202e-01	1.531842e-01	1.527313e-01	1.524242e-01	1.521789e-01	1.519285e-01	1.516111e-01	1.511566e-01	1.504717e-01	2.626505e-01	
1.470738e-01	1.455182e-01	1.456544e-01	1.463797e-01	1.468747e-01	1.472312e-01	1.475188e-01	1.477991e-01	1.481403e-01	1.486322e-01	2.611859e-01	
2.535826e-01	2.468125e-01	2.486019e-01	2.509105e-01	2.524803e-01	2.536320e-01	2.546070e-01	2.556218e-01	2.569165e-01	2.588102e-01	2.603166e-01	
1.422852e-01	2.459095e-01	1.409258e-01	1.416320e-01	1.421107e-01	1.424531e-01	1.427266e-01	1.429917e-01	1.433156e-01	1.437860e-01	1.438191e-01	
1.374159e-01	2.443877e-01	1.390176e-01	1.384981e-01	1.381422e-01	1.378545e-01	1.375620e-01	1.371990e-01	1.366925e-01	1.359475e-01	1.358076e-01	
2.365005e-01	2.434845e-01	2.419067e-01	2.399220e-01	2.385675e-01	2.375115e-01	2.365033e-01	2.353172e-01	2.337023e-01	2.313265e-01	2.294834e-01	
1.324491e-01	1.340403e-01	1.339998e-01	1.334982e-01	1.331541e-01	1.328758e-01	1.325928e-01	1.322419e-01	1.317525e-01	1.310303e-01	2.285487e-01	
1.274099e-01	1.257494e-01	1.258876e-01	1.266427e-01	1.271568e-01	1.275273e-01	1.278294e-01	1.281306e-01	1.285059e-01	1.290541e-01	2.269735e-01	
2.188224e-01	2.115762e-01	2.134633e-01	2.158933e-01	2.175456e-01	2.187631e-01	2.198049e-01	2.209038e-01	2.223187e-01	2.243927e-01	2.260386e-01	
1.222800e-01	2.106127e-01	1.208030e-01	1.215363e-01	1.220337e-01	1.223925e-01	1.226855e-01	1.229783e-01	1.233438e-01	1.238769e-01	1.239248e-01	
1.170856e-01	2.089890e-01	1.187659e-01	1.181896e-01	1.177955e-01	1.174819e-01	1.171718e-01	1.167958e-01	1.162768e-01	1.155147e-01	1.153785e-01	
2.005996e-01	2.080253e-01	2.063159e-01	2.041585e-01	2.026871e-01	2.015488e-01	2.004771e-01	1.992325e-01	1.975485e-01	1.950725e-01	1.931472e-01	
1.118083e-01	1.135014e-01	1.134461e-01	1.128828e-01	1.124970e-01	1.121906e-01	1.118886e-01	1.115233e-01	1.110198e-01	1.102777e-01	1.921579e-01	
1.064750e-01	1.047265e-01	1.048602e-01	1.056269e-01	1.061491e-01	1.065295e-01	1.068467e-01	1.071718e-01	1.075836e-01	1.081862e-01	1.904908e-01	
1.818894e-01	1.742540e-01	1.762115e-01	1.787260e-01	1.804364e-01	1.817043e-01	1.828026e-01	1.839769e-01	1.855001e-01	1.877339e-01	1.895013e-01	
1.010668e-01	1.732420e-01	9.948741e-02	1.002360e-01	1.007443e-01	1.011150e-01	1.014252e-01	1.017442e-01	1.021491e-01	1.027405e-01	1.028030e-01	
9.561114e-02	1.715367e-01	9.734794e-02	9.672130e-02	9.629349e-02	9.595825e-02	9.563507e-02	9.525156e-02	9.472733e-02	9.395800e-02	9.382688e-02	
1.627501e-01	1.705245e-01	1.687047e-01	1.664020e-01	1.648325e-01	1.636268e-01	1.625058e-01	1.612185e-01	1.594862e-01	1.569399e-01	1.549556e-01	
9.008809e-02	9.186148e-02	9.179204e-02	9.117534e-02	9.075392e-02	9.042459e-02	9.010810e-02	8.973325e-02	8.922111e-02	8.846674e-02	1.539240e-01	
8.452547e-02	8.270916e-02	8.283744e-02	8.360938e-02	8.413682e-02	8.452525e-02	8.485552e-02	8.520049e-02	8.564162e-02	8.628716e-02	1.521856e-01	
1.432355e-01	1.353001e-01	1.373072e-01	1.398827e-01	1.416379e-01	1.429472e-01	1.440924e-01	1.453272e-01	1.469351e-01	1.492924e-01	1.511539e-01	
7.890467e-02	1.342513e-01	7.723959e-02	7.800002e-02	7.852186e-02	7.890888e-02	7.923852e-02	7.958082e-02	8.001498e-02	8.064618e-02	8.071603e-02	
7.325386e-02	1.324838e-01	7.501886e-02	7.435849e-02	7.392031e-02	7.358678e-02	7.326839e-02	7.288557e-02	7.235255e-02	7.156200e-02	7.142354e-02	
1.234114e-01	1.314348e-01	1.295153e-01	1.271139e-01	1.255054e-01	1.242900e-01	1.231645e-01	1.218587e-01	1.200776e-01	1.174404e-01	1.153861e-01	
6.749399e-02	6.927975e-02	6.918349e-02	6.858473e-02	6.820599e-02	6.792501e-02	6.764842e-02	6.729233e-02	6.676363e-02	6.593905e-02	1.143228e-01	
6.165342e-02	5.962766e-02	5.975164e-02	6.069024e-02	6.139034e-02	6.193490e-02	6.238990e-02	6.281243e-02	6.325968e-02	6.379818e-02	1.125310e-01	
1.029218e-01	9.425554e-02	9.644372e-02	9.944275e-02	1.016147e-01	1.032921e-01	1.047303e-01	1.061528e-01	1.077916e-01	1.099292e-01	1.114675e-01	
5.632349e-02	9.311053e-02	5.355534e-02	5.482143e-02	5.575151e-02	5.647001e-02	5.708606e-02	5.769543e-02	5.839743e-02	5.930691e-02	5.904390e-02	
5.153222e-02	9.118099e-02	5.060960e-02	5.099064e-02	5.130103e-02	5.154119e-02	5.174712e-02	5.195082e-02	5.218548e-02	5.248738e-02	5.225702e-02	
8.610112e-02	9.003562e-02	8.609725e-02	8.601180e-02	8.601222e-02	8.601330e-02	8.601423e-02	8.601515e-02	8.601622e-02	8.601823e-02	8.604794e-02	
