7.909140e-01	7.911367e-01	7.912741e-01	7.912844e-01	7.912894e-01	7.912936e-01	7.912975e-01	7.913018e-01	7.913018e-01	7.909306e-01	7.774502e-01	
4.436572e-01	4.413008e-01	4.406157e-01	4.417536e-01	4.426167e-01	4.433324e-01	4.440144e-01	4.447691e-01	4.457128e-01	4.467989e-01	7.737575e-01	
4.278066e-01	4.188500e-01	4.182060e-01	4.216202e-01	4.241949e-01	4.263296e-01	4.283630e-01	4.306132e-01	4.334341e-01	4.372039e-01	7.675355e-01	
7.353790e-01	7.070862e-01	7.128609e-01	7.208569e-01	7.268491e-01	7.318166e-01	7.365470e-01	7.417805e-01	7.483433e-01	7.572977e-01	7.638425e-01	
4.099014e-01	7.034934e-01	4.032509e-01	4.054938e-01	4.072569e-01	4.087782e-01	4.102517e-01	4.118625e-01	4.138162e-01	4.163658e-01	4.165393e-01	
3.901744e-01	6.974389e-01	3.959567e-01	3.935379e-01	3.919772e-01	3.908604e-01	3.898690e-01	3.887120e-01	3.870619e-01	3.844887e-01	3.839654e-01	
6.663074e-01	6.938454e-01	6.873199e-01	6.790197e-01	6.733889e-01	6.691310e-01	6.652411e-01	6.607943e-01	6.547517e-01	6.457427e-01	6.386428e-01	
3.703060e-01	3.765853e-01	3.762974e-01	3.740044e-01	3.724492e-01	3.712715e-01	3.701837e-01	3.689169e-01	3.671676e-01	3.645334e-01	6.349752e-01	
3.505407e-01	3.440904e-01	3.444791e-01	3.470802e-01	3.488622e-01	3.502033e-01	3.513892e-01	3.526717e-01	3.543282e-01	3.567258e-01	6.287949e-01	
5.970875e-01	5.690141e-01	5.759502e-01	5.848153e-01	5.908592e-01	5.954120e-01	5.994749e-01	6.039442e-01	6.098131e-01	6.183969e-01	6.251269e-01	
3.305858e-01	5.653208e-01	3.245454e-01	3.270739e-01	3.287969e-01	3.300970e-01	3.312605e-01	3.325429e-01	3.342263e-01	3.366781e-01	3.370054e-01	
3.106696e-01	5.590975e-01	3.167039e-01	3.141635e-01	3.124313e-01	3.111302e-01	3.099743e-01	3.087048e-01	3.070326e-01	3.045812e-01	3.042447e-01	
5.273203e-01	5.554041e-01	5.484779e-01	5.396154e-01	5.335714e-01	5.290238e-01	5.249716e-01	5.205120e-01	5.146391e-01	5.060212e-01	4.992495e-01	
2.907020e-01	2.971345e-01	2.967367e-01	2.941188e-01	2.923286e-01	2.909946e-01	2.898300e-01	2.885752e-01	2.869406e-01	2.845425e-01	4.955738e-01	
2.708866e-01	2.645382e-01	2.648101e-01	2.670826e-01	2.686356e-01	2.698399e-01	2.709789e-01	2.723066e-01	2.741039e-01	2.767434e-01	4.893804e-01	
4.578817e-01	4.301105e-01	4.366592e-01	4.449586e-01	4.506168e-01	4.549533e-01	4.589639e-01	4.635425e-01	4.696805e-01	4.786878e-01	4.857049e-01	
2.511347e-01	4.264900e-01	2.449373e-01	2.471950e-01	2.487362e-01	2.499418e-01	2.510996e-01	2.524675e-01	2.543307e-01	2.570585e-01	2.575097e-01	
2.316177e-01	4.203896e-01	2.372661e-01	2.345772e-01	2.327494e-01	2.314174e-01	2.303070e-01	2.291701e-01	2.277293e-01	2.256223e-01	2.254021e-01	
3.894610e-01	4.167695e-01	4.097625e-01	4.007478e-01	3.946096e-01	3.900614e-01	3.861301e-01	3.819380e-01	3.765071e-01	3.685410e-01	3.622327e-01	
2.122568e-01	2.185140e-01	2.180282e-01	2.152527e-01	2.133590e-01	2.119835e-01	2.108454e-01	2.096909e-01	2.082363e-01	2.061071e-01	3.586948e-01	
1.931864e-01	1.871388e-01	1.873222e-01	1.892917e-01	1.906388e-01	1.917161e-01	1.927931e-01	1.941107e-01	1.959354e-01	1.986227e-01	3.527339e-01	
3.225756e-01	2.960523e-01	3.021254e-01	3.097746e-01	3.149890e-01	3.190333e-01	3.228614e-01	3.273292e-01	3.333859e-01	3.422868e-01	3.491966e-01	
1.743356e-01	2.926135e-01	1.683027e-01	1.703252e-01	1.717077e-01	1.728155e-01	1.739254e-01	1.752854e-01	1.771697e-01	1.799335e-01	1.804339e-01	
1.558006e-01	2.868198e-01	1.610397e-01	1.583984e-01	1.566070e-01	1.553201e-01	1.542787e-01	1.532492e-01	1.519706e-01	1.501012e-01	1.499375e-01	
2.575379e-01	2.833817e-01	2.766356e-01	2.679443e-01	2.620348e-01	2.576859e-01	2.539743e-01	2.500681e-01	2.450406e-01	2.376634e-01	2.317988e-01	
1.375164e-01	1.434328e-01	1.429357e-01	1.402362e-01	1.383986e-01	1.370765e-01	1.360023e-01	1.349343e-01	1.336034e-01	1.316552e-01	2.284647e-01	
1.195427e-01	1.138573e-01	1.140176e-01	1.158338e-01	1.170794e-01	1.180836e-01	1.190971e-01	1.203445e-01	1.220759e-01	1.246278e-01	2.228474e-01	
1.944419e-01	1.694707e-01	1.751727e-01	1.823530e-01	1.872528e-01	1.910599e-01	1.946683e-01	1.988808e-01	2.045918e-01	2.129891e-01	2.195141e-01	
1.018262e-01	1.662348e-01	9.614708e-02	9.806073e-02	9.938269e-02	1.004471e-01	1.015059e-01	1.027863e-01	1.045437e-01	1.071151e-01	1.075751e-01	
8.439472e-02	1.607829e-01	8.932325e-02	8.689207e-02	8.527956e-02	8.413532e-02	8.319560e-02	8.222575e-02	8.097200e-02	7.911408e-02	7.890431e-02	
1.332258e-01	1.575477e-01	1.512034e-01	1.431468e-01	1.377525e-01	1.338121e-01	1.304105e-01	1.267309e-01	1.218815e-01	1.147061e-01	1.090281e-01	
6.702795e-02	7.245985e-02	7.197817e-02	6.969725e-02	6.823267e-02	6.721180e-02	6.634990e-02	6.539163e-02	6.405384e-02	6.196455e-02	1.058764e-01	
4.972790e-02	4.387095e-02	4.408327e-02	4.641812e-02	4.818443e-02	4.961996e-02	5.091404e-02	5.223191e-02	5.374121e-02	5.564240e-02	1.005662e-01	
7.245457e-02	4.725866e-02	5.326270e-02	6.143835e-02	6.737887e-02	7.205691e-02	7.622049e-02	8.052854e-02	8.567065e-02	9.249451e-02	9.741507e-02	
3.416485e-02	4.396745e-02	2.598250e-02	2.941878e-02	3.195503e-02	3.395314e-02	3.573215e-02	3.757372e-02	3.977253e-02	4.267253e-02	4.205461e-02	
2.033240e-02	3.842169e-02	1.761026e-02	1.863369e-02	1.947794e-02	2.014427e-02	2.073772e-02	2.135227e-02	2.208621e-02	2.304805e-02	2.242094e-02	
2.382251e-02	3.513003e-02	2.381108e-02	2.356516e-02	2.356615e-02	2.356914e-02	2.357183e-02	2.357461e-02	2.357796e-02	2.358414e-02	2.366964e-02	
