7.130897e-01	7.132603e-01	7.133657e-01	7.133737e-01	7.133776e-01	7.133808e-01	7.133838e-01	7.133870e-01	7.133870e-01	7.131025e-01	7.027760e-01	
4.010167e-01	3.992163e-01	3.987030e-01	3.995948e-01	4.002681e-01	4.008211e-01	4.013412e-01	4.019104e-01	4.026184e-01	4.034307e-01	6.999474e-01	
3.888745e-01	3.820102e-01	3.815545e-01	3.842343e-01	3.862460e-01	3.878982e-01	3.894519e-01	3.911525e-01	3.932734e-01	3.961081e-01	6.951811e-01	
6.704884e-01	6.487350e-01	6.532777e-01	6.595649e-01	6.642564e-01	6.681093e-01	6.717323e-01	6.756977e-01	6.806450e-01	6.873980e-01	6.923521e-01	
3.751403e-01	6.459619e-01	3.701285e-01	3.719410e-01	3.733511e-01	3.745421e-01	3.756627e-01	3.768551e-01	3.782779e-01	3.801268e-01	3.802247e-01	
3.599184e-01	6.412883e-01	3.645201e-01	3.627692e-01	3.616417e-01	3.608140e-01	3.600375e-01	3.590853e-01	3.577026e-01	3.555551e-01	3.550856e-01	
6.171206e-01	6.385144e-01	6.336132e-01	6.274260e-01	6.232310e-01	6.200150e-01	6.169943e-01	6.134491e-01	6.085713e-01	6.012942e-01	5.955864e-01	
3.445068e-01	3.493700e-01	3.492189e-01	3.476320e-01	3.465560e-01	3.457115e-01	3.448762e-01	3.438433e-01	3.423794e-01	3.401740e-01	5.927124e-01	
3.290186e-01	3.239015e-01	3.243075e-01	3.265973e-01	3.281620e-01	3.293025e-01	3.302471e-01	3.311976e-01	3.323770e-01	3.340796e-01	5.878691e-01	
5.628162e-01	5.405476e-01	5.463168e-01	5.537408e-01	5.587932e-01	5.625286e-01	5.657407e-01	5.691411e-01	5.735196e-01	5.799234e-01	5.849945e-01	
3.132424e-01	5.375897e-01	3.086735e-01	3.109006e-01	3.124128e-01	3.135105e-01	3.144173e-01	3.153333e-01	3.164801e-01	3.181478e-01	3.183025e-01	
2.972922e-01	5.326053e-01	3.024126e-01	3.006093e-01	2.993762e-01	2.984033e-01	2.974549e-01	2.963182e-01	2.947562e-01	2.924615e-01	2.920617e-01	
5.068897e-01	5.296469e-01	5.243612e-01	5.176751e-01	5.131134e-01	5.095976e-01	5.063124e-01	5.025239e-01	4.974156e-01	4.899070e-01	4.840617e-01	
2.811066e-01	2.863008e-01	2.861101e-01	2.843253e-01	2.831027e-01	2.821421e-01	2.812132e-01	2.801083e-01	2.785963e-01	2.763692e-01	4.810368e-01	
2.647988e-01	2.594719e-01	2.598485e-01	2.621137e-01	2.636578e-01	2.647927e-01	2.657582e-01	2.667697e-01	2.680665e-01	2.699645e-01	4.759395e-01	
4.497059e-01	4.264460e-01	4.323231e-01	4.398578e-01	4.449862e-01	4.488093e-01	4.521589e-01	4.557826e-01	4.605114e-01	4.674454e-01	4.729142e-01	
2.483039e-01	4.233722e-01	2.434195e-01	2.456281e-01	2.471292e-01	2.482368e-01	2.491870e-01	2.501919e-01	2.514871e-01	2.533794e-01	2.536037e-01	
2.317329e-01	4.181926e-01	2.369128e-01	2.349316e-01	2.335795e-01	2.325370e-01	2.315622e-01	2.304372e-01	2.289198e-01	2.266949e-01	2.263413e-01	
3.915952e-01	4.151186e-01	4.095024e-01	4.023665e-01	3.975020e-01	3.937942e-01	3.904011e-01	3.865648e-01	3.814425e-01	3.739186e-01	3.680382e-01	
2.150228e-01	2.203967e-01	2.201417e-01	2.181571e-01	2.168000e-01	2.157585e-01	2.147934e-01	2.136889e-01	2.122054e-01	2.100241e-01	3.649327e-01	
1.982813e-01	1.928535e-01	1.931841e-01	1.953621e-01	1.968482e-01	1.979593e-01	1.989388e-01	2.000056e-01	2.014028e-01	2.034521e-01	3.596997e-01	
3.328824e-01	3.091537e-01	3.150119e-01	3.224937e-01	3.275886e-01	3.314208e-01	3.348396e-01	3.386086e-01	3.435765e-01	3.508669e-01	3.565941e-01	
1.814457e-01	3.060324e-01	1.763637e-01	1.785110e-01	1.799726e-01	1.810698e-01	1.820449e-01	1.831153e-01	1.845230e-01	1.865828e-01	1.868646e-01	
1.646196e-01	3.007730e-01	1.697601e-01	1.676582e-01	1.662270e-01	1.651436e-01	1.641646e-01	1.630707e-01	1.616185e-01	1.594911e-01	1.591820e-01	
2.738684e-01	2.976517e-01	2.918475e-01	2.844490e-01	2.794102e-01	2.756037e-01	2.721774e-01	2.683649e-01	2.633146e-01	2.558992e-01	2.500839e-01	
1.477384e-01	1.531742e-01	1.528691e-01	1.507525e-01	1.493087e-01	1.482202e-01	1.472429e-01	1.461572e-01	1.447196e-01	1.426076e-01	2.469613e-01	
1.309014e-01	1.254729e-01	1.257618e-01	1.278416e-01	1.292657e-01	1.303479e-01	1.313284e-01	1.324237e-01	1.338755e-01	1.360065e-01	2.416997e-01	
2.148127e-01	1.910605e-01	1.968191e-01	2.041590e-01	2.091671e-01	2.129649e-01	2.163975e-01	2.202256e-01	2.252979e-01	2.327421e-01	2.385771e-01	
1.140490e-01	1.879473e-01	1.088778e-01	1.109580e-01	1.123905e-01	1.134879e-01	1.144852e-01	1.155947e-01	1.170566e-01	1.191887e-01	1.194951e-01	
9.727601e-02	1.827016e-01	1.022853e-01	1.001465e-01	9.872739e-02	9.768426e-02	9.675675e-02	9.571371e-02	9.430616e-02	9.222181e-02	9.191297e-02	
1.559775e-01	1.795885e-01	1.736910e-01	1.662538e-01	1.612716e-01	1.575701e-01	1.542594e-01	1.505461e-01	1.455656e-01	1.382004e-01	1.324259e-01	
8.034924e-02	8.561969e-02	8.524352e-02	8.324683e-02	8.197328e-02	8.106072e-02	8.023275e-02	7.924184e-02	7.781425e-02	7.558992e-02	1.293322e-01	
6.335933e-02	5.754730e-02	5.781618e-02	6.029888e-02	6.216786e-02	6.365691e-02	6.495291e-02	6.621928e-02	6.762195e-02	6.935788e-02	1.241194e-01	
9.637975e-02	7.146310e-02	7.752921e-02	8.582538e-02	9.185394e-02	9.656724e-02	1.006987e-01	1.048946e-01	1.098310e-01	1.163374e-01	1.210259e-01	
4.795787e-02	6.819479e-02	3.990164e-02	4.340075e-02	4.598245e-02	4.800148e-02	4.977139e-02	5.156909e-02	5.368418e-02	5.645384e-02	5.577996e-02	
3.423013e-02	6.268752e-02	3.154468e-02	3.259281e-02	3.345436e-02	3.412926e-02	3.472094e-02	3.532196e-02	3.602910e-02	3.694892e-02	3.630862e-02	
4.818941e-02	5.941864e-02	4.817815e-02	4.793406e-02	4.793516e-02	4.793819e-02	4.794087e-02	4.794359e-02	4.794681e-02	4.795279e-02	4.803764e-02	
