7.418642e-01	7.420494e-01	7.421637e-01	7.421723e-01	7.421766e-01	7.421800e-01	7.421833e-01	7.421868e-01	7.421868e-01	7.418780e-01	7.306687e-01	
4.169406e-01	4.149851e-01	4.144252e-01	4.153884e-01	4.161164e-01	4.167155e-01	4.172806e-01	4.179007e-01	4.186727e-01	4.195593e-01	7.275982e-01	
4.037603e-01	3.963100e-01	3.958063e-01	3.986997e-01	4.008739e-01	4.026633e-01	4.043508e-01	4.062024e-01	4.085142e-01	4.116040e-01	7.224244e-01	
6.956350e-01	6.720412e-01	6.769436e-01	6.837294e-01	6.887977e-01	6.929685e-01	6.969015e-01	7.012163e-01	7.066058e-01	7.139617e-01	7.193536e-01	
3.888563e-01	6.690359e-01	3.833962e-01	3.853410e-01	3.868574e-01	3.881440e-01	3.893624e-01	3.906667e-01	3.922289e-01	3.942609e-01	3.943755e-01	
3.723595e-01	6.639714e-01	3.773133e-01	3.753882e-01	3.741479e-01	3.732428e-01	3.724040e-01	3.713862e-01	3.699138e-01	3.676251e-01	3.671320e-01	
6.378144e-01	6.609654e-01	6.556217e-01	6.488644e-01	6.442823e-01	6.407803e-01	6.375112e-01	6.336963e-01	6.284613e-01	6.206525e-01	6.145214e-01	
3.556764e-01	3.609426e-01	3.607619e-01	3.589986e-01	3.578029e-01	3.568723e-01	3.559660e-01	3.548599e-01	3.533006e-01	3.509517e-01	6.114172e-01	
3.389475e-01	3.334354e-01	3.338499e-01	3.362640e-01	3.379144e-01	3.391252e-01	3.401418e-01	3.411813e-01	3.424831e-01	3.443636e-01	6.061861e-01	
5.791752e-01	5.551866e-01	5.613391e-01	5.692453e-01	5.746278e-01	5.786229e-01	5.820856e-01	5.857824e-01	5.905635e-01	5.975563e-01	6.030813e-01	
3.219405e-01	5.520068e-01	3.169668e-01	3.193144e-01	3.209095e-01	3.220765e-01	3.230572e-01	3.240675e-01	3.253468e-01	3.272079e-01	3.273990e-01	
3.047938e-01	5.466486e-01	3.102318e-01	3.082398e-01	3.068786e-01	3.058167e-01	3.048024e-01	3.036081e-01	3.019804e-01	2.995901e-01	2.991905e-01	
5.190655e-01	5.434684e-01	5.377257e-01	5.304427e-01	5.254743e-01	5.216655e-01	5.181431e-01	5.141206e-01	5.087228e-01	5.007914e-01	4.946054e-01	
2.874388e-01	2.930128e-01	2.927782e-01	2.907873e-01	2.894240e-01	2.883665e-01	2.873670e-01	2.862023e-01	2.846238e-01	2.823006e-01	4.913724e-01	
2.700091e-01	2.643389e-01	2.647068e-01	2.670386e-01	2.686288e-01	2.698093e-01	2.708349e-01	2.719343e-01	2.733616e-01	2.754521e-01	4.859244e-01	
4.579565e-01	4.331882e-01	4.393591e-01	4.472526e-01	4.526269e-01	4.566555e-01	4.602245e-01	4.641302e-01	4.692574e-01	4.767768e-01	4.826912e-01	
2.524335e-01	4.299243e-01	2.471641e-01	2.494452e-01	2.509968e-01	2.521545e-01	2.531707e-01	2.542721e-01	2.557104e-01	2.578129e-01	2.580859e-01	
2.348379e-01	4.244244e-01	2.402534e-01	2.380831e-01	2.366034e-01	2.354770e-01	2.344489e-01	2.332894e-01	2.317430e-01	2.294767e-01	2.291381e-01	
3.962569e-01	4.211604e-01	4.151233e-01	4.074316e-01	4.021896e-01	3.982185e-01	3.946277e-01	3.906153e-01	3.852893e-01	3.774682e-01	3.713402e-01	
2.171542e-01	2.228470e-01	2.225414e-01	2.203517e-01	2.188551e-01	2.177212e-01	2.166961e-01	2.155508e-01	2.140305e-01	2.117970e-01	3.680652e-01	
1.994992e-01	1.938007e-01	1.941128e-01	1.963129e-01	1.978148e-01	1.989511e-01	1.999768e-01	2.011211e-01	2.026386e-01	2.048664e-01	3.625467e-01	
3.343397e-01	3.094121e-01	3.154760e-01	3.232006e-01	3.284618e-01	3.324424e-01	3.360352e-01	3.400430e-01	3.453575e-01	3.531587e-01	3.592716e-01	
1.818063e-01	3.061426e-01	1.764004e-01	1.785845e-01	1.800722e-01	1.812024e-01	1.822306e-01	1.833862e-01	1.849241e-01	1.871757e-01	1.875070e-01	
1.641818e-01	3.006336e-01	1.694853e-01	1.672213e-01	1.656810e-01	1.645283e-01	1.635098e-01	1.623976e-01	1.609379e-01	1.588003e-01	1.585105e-01	
2.725208e-01	2.973643e-01	2.912170e-01	2.833632e-01	2.780163e-01	2.739991e-01	2.704222e-01	2.664851e-01	2.612982e-01	2.536833e-01	2.476964e-01	
1.465590e-01	1.522391e-01	1.518885e-01	1.496003e-01	1.480402e-01	1.468762e-01	1.458529e-01	1.447404e-01	1.432832e-01	1.411440e-01	2.444460e-01	
1.290335e-01	1.234044e-01	1.236760e-01	1.257620e-01	1.271907e-01	1.282877e-01	1.293019e-01	1.304573e-01	1.320040e-01	1.342763e-01	2.389691e-01	
2.110410e-01	1.863934e-01	1.922995e-01	1.998104e-01	2.049354e-01	2.088400e-01	2.124021e-01	2.164116e-01	2.217498e-01	2.295871e-01	2.357189e-01	
1.115450e-01	1.831701e-01	1.061304e-01	1.082349e-01	1.096850e-01	1.108062e-01	1.118432e-01	1.130173e-01	1.145781e-01	1.168560e-01	1.172013e-01	
9.417959e-02	1.777391e-01	9.930991e-02	9.705331e-02	9.555618e-02	9.446398e-02	9.350851e-02	9.245161e-02	9.103655e-02	8.894095e-02	8.864392e-02	
1.501155e-01	1.745161e-01	1.683662e-01	1.605992e-01	1.553965e-01	1.515449e-01	1.481251e-01	1.443172e-01	1.392278e-01	1.317010e-01	1.257894e-01	
7.669974e-02	8.214741e-02	8.173919e-02	7.962899e-02	7.828103e-02	7.732105e-02	7.646338e-02	7.545210e-02	7.400413e-02	7.174727e-02	1.225995e-01	
5.918321e-02	5.320433e-02	5.346787e-02	5.598577e-02	5.788335e-02	5.940137e-02	6.073217e-02	6.204395e-02	6.350755e-02	6.532610e-02	1.172247e-01	
8.865549e-02	6.300654e-02	6.922096e-02	7.771309e-02	8.388461e-02	8.871746e-02	9.296769e-02	9.730173e-02	1.024168e-01	1.091688e-01	1.140351e-01	
4.332867e-02	5.964535e-02	3.502632e-02	3.860585e-02	4.124740e-02	4.331662e-02	4.513660e-02	4.699275e-02	4.918361e-02	5.205703e-02	5.137713e-02	
2.920765e-02	5.398158e-02	2.644110e-02	2.751211e-02	2.839326e-02	2.908466e-02	2.969285e-02	3.031321e-02	3.104548e-02	3.199955e-02	3.134472e-02	
3.907156e-02	5.061983e-02	3.905995e-02	3.880890e-02	3.881001e-02	3.881311e-02	3.881586e-02	3.881867e-02	3.882201e-02	3.882820e-02	3.891547e-02	
