2.219829e-01	2.220192e-01	2.220416e-01	2.220433e-01	2.220442e-01	2.220449e-01	2.220455e-01	2.220462e-01	2.220462e-01	2.219856e-01	2.197892e-01	
1.253922e-01	1.250097e-01	1.249017e-01	1.250933e-01	1.252377e-01	1.253558e-01	1.254662e-01	1.255864e-01	1.257355e-01	1.259064e-01	2.191875e-01	
1.228095e-01	1.213491e-01	1.212560e-01	1.218323e-01	1.222641e-01	1.226172e-01	1.229473e-01	1.233067e-01	1.237539e-01	1.243516e-01	2.181737e-01	
2.129155e-01	2.082804e-01	2.092586e-01	2.106121e-01	2.116201e-01	2.124444e-01	2.132149e-01	2.140541e-01	2.150984e-01	2.165242e-01	2.175720e-01	
1.198865e-01	2.076884e-01	1.188287e-01	1.192236e-01	1.195295e-01	1.197853e-01	1.200228e-01	1.202724e-01	1.205677e-01	1.209506e-01	1.209679e-01	
1.166377e-01	2.066908e-01	1.176338e-01	1.172716e-01	1.170386e-01	1.168654e-01	1.166985e-01	1.164894e-01	1.161834e-01	1.157088e-01	1.156020e-01	
2.015177e-01	2.060986e-01	2.050661e-01	2.037676e-01	2.028874e-01	2.022080e-01	2.015614e-01	2.007932e-01	1.997303e-01	1.981441e-01	1.969023e-01	
1.133404e-01	1.143801e-01	1.143551e-01	1.140349e-01	1.138178e-01	1.136440e-01	1.134661e-01	1.132401e-01	1.129162e-01	1.124280e-01	1.962844e-01	
1.100105e-01	1.089038e-01	1.090016e-01	1.095195e-01	1.098730e-01	1.101272e-01	1.103318e-01	1.105307e-01	1.107722e-01	1.111204e-01	1.952431e-01	
1.898352e-01	1.850192e-01	1.862946e-01	1.879404e-01	1.890594e-01	1.898798e-01	1.905733e-01	1.912938e-01	1.922124e-01	1.935558e-01	1.946250e-01	
1.066046e-01	1.843765e-01	1.056396e-01	1.061439e-01	1.064858e-01	1.067299e-01	1.069243e-01	1.071120e-01	1.073407e-01	1.076728e-01	1.076954e-01	
1.031393e-01	1.832936e-01	1.042818e-01	1.039143e-01	1.036625e-01	1.034583e-01	1.032500e-01	1.029906e-01	1.026280e-01	1.020947e-01	1.019940e-01	
1.776780e-01	1.826508e-01	1.815305e-01	1.801220e-01	1.791608e-01	1.784106e-01	1.776927e-01	1.768465e-01	1.756934e-01	1.739966e-01	1.726808e-01	
9.960285e-02	1.007356e-01	1.007081e-01	1.003542e-01	1.001114e-01	9.991440e-02	9.971308e-02	9.946237e-02	9.911212e-02	9.859519e-02	1.720148e-01	
9.601236e-02	9.482818e-02	9.492826e-02	9.547025e-02	9.583918e-02	9.610462e-02	9.632015e-02	9.653393e-02	9.679952e-02	9.718737e-02	1.708925e-01	
1.650814e-01	1.599141e-01	1.612639e-01	1.630028e-01	1.641850e-01	1.650551e-01	1.657979e-01	1.665793e-01	1.675841e-01	1.690568e-01	1.702264e-01	
9.235495e-02	1.592266e-01	9.130497e-02	9.183123e-02	9.218806e-02	9.244490e-02	9.265365e-02	9.286098e-02	9.311879e-02	9.349483e-02	9.352738e-02	
8.864840e-02	1.580680e-01	8.985164e-02	8.944378e-02	8.916475e-02	8.894197e-02	8.872035e-02	8.845030e-02	8.807675e-02	8.752810e-02	8.742898e-02	
1.520777e-01	1.573803e-01	1.561644e-01	1.546311e-01	1.535852e-01	1.527747e-01	1.520094e-01	1.511181e-01	1.499106e-01	1.481348e-01	1.467547e-01	
8.487987e-02	8.608863e-02	8.605104e-02	8.565366e-02	8.538140e-02	8.516433e-02	8.494885e-02	8.468677e-02	8.432454e-02	8.379054e-02	1.460475e-01	
8.106762e-02	7.981632e-02	7.991417e-02	8.046787e-02	8.084499e-02	8.111891e-02	8.134608e-02	8.157729e-02	8.186904e-02	8.229577e-02	1.448559e-01	
1.387031e-01	1.332392e-01	1.346457e-01	1.364536e-01	1.376832e-01	1.385932e-01	1.393790e-01	1.402162e-01	1.413002e-01	1.428898e-01	1.441486e-01	
7.719846e-02	1.325144e-01	7.607282e-02	7.661314e-02	7.697988e-02	7.724656e-02	7.746824e-02	7.769446e-02	7.798033e-02	7.839779e-02	7.844022e-02	
7.329114e-02	1.312931e-01	7.454078e-02	7.409652e-02	7.379312e-02	7.355436e-02	7.332244e-02	7.304540e-02	7.266557e-02	7.210801e-02	7.201151e-02	
1.249948e-01	1.305682e-01	1.292700e-01	1.276289e-01	1.265103e-01	1.256492e-01	1.248456e-01	1.239193e-01	1.226706e-01	1.208350e-01	1.194054e-01	
6.933155e-02	7.060250e-02	7.055528e-02	7.011959e-02	6.982180e-02	6.958797e-02	6.936136e-02	6.909097e-02	6.872026e-02	6.817405e-02	1.186650e-01	
6.533884e-02	6.403316e-02	6.412814e-02	6.468962e-02	6.507316e-02	6.535463e-02	6.559223e-02	6.583835e-02	6.615161e-02	6.660985e-02	1.174172e-01	
1.109871e-01	1.052834e-01	1.067334e-01	1.085955e-01	1.098643e-01	1.108089e-01	1.116318e-01	1.125155e-01	1.136635e-01	1.153464e-01	1.166767e-01	
6.129986e-02	1.045287e-01	6.010875e-02	6.066117e-02	6.104010e-02	6.132008e-02	6.155667e-02	6.180014e-02	6.210732e-02	6.255371e-02	6.260102e-02	
5.723407e-02	1.032570e-01	5.851110e-02	5.804152e-02	5.772994e-02	5.749163e-02	5.726202e-02	5.698370e-02	5.659478e-02	5.601782e-02	5.591498e-02	
9.672281e-02	1.025023e-01	1.011274e-01	9.940944e-02	9.825870e-02	9.738720e-02	9.657655e-02	9.563183e-02	9.434061e-02	9.242842e-02	9.094001e-02	
5.308465e-02	5.437040e-02	5.430403e-02	5.388033e-02	5.361265e-02	5.341302e-02	5.321427e-02	5.295598e-02	5.257106e-02	5.197061e-02	9.017293e-02	
4.887130e-02	4.740722e-02	4.749977e-02	4.818512e-02	4.869572e-02	4.909168e-02	4.942082e-02	4.972439e-02	5.004366e-02	5.042649e-02	8.888035e-02	
8.194108e-02	7.567925e-02	7.726808e-02	7.944614e-02	8.102274e-02	8.223839e-02	8.327762e-02	8.430185e-02	8.547831e-02	8.701070e-02	8.811321e-02	
4.502309e-02	7.485110e-02	4.302641e-02	4.394597e-02	4.462107e-02	4.514175e-02	4.558687e-02	4.602559e-02	4.652951e-02	4.718139e-02	4.698860e-02	
4.155961e-02	7.345551e-02	4.089416e-02	4.117106e-02	4.139635e-02	4.157038e-02	4.171916e-02	4.186580e-02	4.203424e-02	4.225061e-02	4.208344e-02	
6.978134e-02	7.262709e-02	6.977856e-02	6.971675e-02	6.971706e-02	6.971784e-02	6.971851e-02	6.971918e-02	6.971995e-02	6.972139e-02	6.974288e-02	
