2.751691e-01	2.752154e-01	2.752440e-01	2.752462e-01	2.752473e-01	2.752482e-01	2.752490e-01	2.752498e-01	2.752498e-01	2.751725e-01	2.723680e-01	
1.553910e-01	1.549025e-01	1.547645e-01	1.550091e-01	1.551934e-01	1.553441e-01	1.554851e-01	1.556386e-01	1.558291e-01	1.560474e-01	2.715997e-01	
1.520932e-01	1.502286e-01	1.501093e-01	1.508448e-01	1.513958e-01	1.518465e-01	1.522680e-01	1.527272e-01	1.532984e-01	1.540620e-01	2.703053e-01	
2.635917e-01	2.576740e-01	2.589221e-01	2.606492e-01	2.619355e-01	2.629876e-01	2.639715e-01	2.650433e-01	2.663774e-01	2.681986e-01	2.695369e-01	
1.483611e-01	2.569182e-01	1.470099e-01	1.475134e-01	1.479035e-01	1.482300e-01	1.485333e-01	1.488523e-01	1.492299e-01	1.497195e-01	1.497419e-01	
1.442136e-01	2.556446e-01	1.454843e-01	1.450211e-01	1.447231e-01	1.445016e-01	1.442887e-01	1.440221e-01	1.436323e-01	1.430277e-01	1.428917e-01	
2.490418e-01	2.548887e-01	2.535697e-01	2.519103e-01	2.507855e-01	2.499177e-01	2.490923e-01	2.481125e-01	2.467573e-01	2.447347e-01	2.431512e-01	
1.400048e-01	1.413320e-01	1.412995e-01	1.408894e-01	1.406113e-01	1.403890e-01	1.401619e-01	1.398738e-01	1.394611e-01	1.388392e-01	2.423627e-01	
1.357556e-01	1.343440e-01	1.344680e-01	1.351270e-01	1.355767e-01	1.359005e-01	1.361615e-01	1.364156e-01	1.367247e-01	1.371703e-01	2.410339e-01	
2.341347e-01	2.279912e-01	2.296161e-01	2.317125e-01	2.331380e-01	2.341836e-01	2.350683e-01	2.359886e-01	2.371625e-01	2.388792e-01	2.402452e-01	
1.314105e-01	2.271717e-01	1.301778e-01	1.308195e-01	1.312545e-01	1.315654e-01	1.318135e-01	1.320537e-01	1.323468e-01	1.327726e-01	1.328023e-01	
1.269913e-01	2.257906e-01	1.284461e-01	1.279755e-01	1.276532e-01	1.273923e-01	1.271268e-01	1.267969e-01	1.263362e-01	1.256588e-01	1.255313e-01	
2.186314e-01	2.249709e-01	2.235400e-01	2.217404e-01	2.205124e-01	2.195545e-01	2.186393e-01	2.175620e-01	2.160947e-01	2.139359e-01	2.122614e-01	
1.224828e-01	1.239271e-01	1.238909e-01	1.234370e-01	1.231256e-01	1.228735e-01	1.226167e-01	1.222978e-01	1.218528e-01	1.211961e-01	2.114127e-01	
1.179075e-01	1.163995e-01	1.165256e-01	1.172129e-01	1.176808e-01	1.180179e-01	1.182923e-01	1.185654e-01	1.189054e-01	1.194019e-01	2.099826e-01	
2.025805e-01	1.959996e-01	1.977152e-01	1.999246e-01	2.014269e-01	2.025335e-01	2.034796e-01	2.044767e-01	2.057599e-01	2.076407e-01	2.091338e-01	
1.132490e-01	1.951243e-01	1.119090e-01	1.125764e-01	1.130290e-01	1.133553e-01	1.136214e-01	1.138867e-01	1.142173e-01	1.146998e-01	1.147426e-01	
1.085305e-01	1.936494e-01	1.100586e-01	1.095366e-01	1.091795e-01	1.088951e-01	1.086132e-01	1.082709e-01	1.077981e-01	1.071037e-01	1.069792e-01	
1.860269e-01	1.927740e-01	1.912228e-01	1.892658e-01	1.879309e-01	1.868976e-01	1.859239e-01	1.847919e-01	1.832597e-01	1.810066e-01	1.792550e-01	
1.037354e-01	1.052737e-01	1.052243e-01	1.047145e-01	1.043654e-01	1.040877e-01	1.038134e-01	1.034810e-01	1.030223e-01	1.023463e-01	1.783558e-01	
9.888788e-02	9.729802e-02	9.742055e-02	9.811981e-02	9.859614e-02	9.894272e-02	9.923125e-02	9.952624e-02	9.989941e-02	1.004454e-01	1.768406e-01	
1.690207e-01	1.620781e-01	1.638604e-01	1.661504e-01	1.677081e-01	1.688621e-01	1.698607e-01	1.709271e-01	1.723095e-01	1.743368e-01	1.759412e-01	
9.397084e-02	1.611577e-01	9.253674e-02	9.321940e-02	9.368285e-02	9.402053e-02	9.430246e-02	9.459163e-02	9.495812e-02	9.549339e-02	9.554921e-02	
8.900883e-02	1.596067e-01	9.059095e-02	9.002297e-02	8.963516e-02	8.933082e-02	8.903669e-02	8.868686e-02	8.820818e-02	8.750564e-02	8.738527e-02	
1.516129e-01	1.586861e-01	1.570332e-01	1.549423e-01	1.535172e-01	1.524217e-01	1.514017e-01	1.502291e-01	1.486501e-01	1.463290e-01	1.445206e-01	
8.398382e-02	8.559711e-02	8.553503e-02	8.497671e-02	8.459515e-02	8.429650e-02	8.400867e-02	8.366691e-02	8.319943e-02	8.251077e-02	1.435817e-01	
7.892075e-02	7.726671e-02	7.738472e-02	7.809051e-02	7.857271e-02	7.892740e-02	7.922825e-02	7.954159e-02	7.994166e-02	8.052703e-02	1.419994e-01	
1.338505e-01	1.266244e-01	1.284553e-01	1.308052e-01	1.324067e-01	1.336004e-01	1.346432e-01	1.357660e-01	1.372269e-01	1.393685e-01	1.410603e-01	
7.380279e-02	1.256689e-01	7.228898e-02	7.298396e-02	7.346082e-02	7.381402e-02	7.411404e-02	7.442465e-02	7.481791e-02	7.538956e-02	7.545191e-02	
6.865526e-02	1.240589e-01	7.026611e-02	6.966694e-02	6.926938e-02	6.896627e-02	6.867601e-02	6.832605e-02	6.783818e-02	6.711453e-02	6.698702e-02	
1.157916e-01	1.231033e-01	1.213574e-01	1.191742e-01	1.177117e-01	1.166058e-01	1.155803e-01	1.143885e-01	1.127618e-01	1.103532e-01	1.084774e-01	
6.340616e-02	6.503325e-02	6.494681e-02	6.440443e-02	6.406150e-02	6.380663e-02	6.355478e-02	6.322952e-02	6.274597e-02	6.199175e-02	1.075080e-01	
5.808103e-02	5.623288e-02	5.634725e-02	5.720656e-02	5.784726e-02	5.834510e-02	5.876034e-02	5.914505e-02	5.955138e-02	6.003994e-02	1.058743e-01	
9.711001e-02	8.920425e-02	9.120374e-02	9.394437e-02	9.592882e-02	9.746059e-02	9.877260e-02	1.000687e-01	1.015604e-01	1.035053e-01	1.049047e-01	
5.322008e-02	8.815936e-02	5.069632e-02	5.185335e-02	5.270313e-02	5.335924e-02	5.392123e-02	5.447643e-02	5.511541e-02	5.594282e-02	5.570170e-02	
4.884860e-02	8.639854e-02	4.800745e-02	4.835573e-02	4.863932e-02	4.885862e-02	4.904647e-02	4.923206e-02	4.944565e-02	4.972030e-02	4.950985e-02	
8.176286e-02	8.535333e-02	8.175934e-02	8.168135e-02	8.168174e-02	8.168272e-02	8.168358e-02	8.168442e-02	8.168539e-02	8.168722e-02	8.171433e-02	
