4.636434e-01	4.637333e-01	4.637889e-01	4.637931e-01	4.637952e-01	4.637969e-01	4.637984e-01	4.638001e-01	4.638001e-01	4.636502e-01	4.582080e-01	
2.614332e-01	2.604851e-01	2.602165e-01	2.606899e-01	2.610468e-01	2.613390e-01	2.616127e-01	2.619111e-01	2.622818e-01	2.627066e-01	4.567173e-01	
2.550341e-01	2.514159e-01	2.511822e-01	2.526053e-01	2.536722e-01	2.545457e-01	2.553639e-01	2.562562e-01	2.573672e-01	2.588521e-01	4.542054e-01	
4.411819e-01	4.297039e-01	4.321183e-01	4.354593e-01	4.379490e-01	4.399876e-01	4.418969e-01	4.439793e-01	4.465730e-01	4.501138e-01	4.527145e-01	
2.477930e-01	4.282388e-01	2.451658e-01	2.461370e-01	2.468903e-01	2.475222e-01	2.481114e-01	2.487328e-01	2.494702e-01	2.504269e-01	2.504724e-01	
2.397520e-01	4.257697e-01	2.422067e-01	2.413014e-01	2.407188e-01	2.402873e-01	2.398752e-01	2.393621e-01	2.386132e-01	2.374512e-01	2.371920e-01	
4.129779e-01	4.243041e-01	4.217381e-01	4.185070e-01	4.163167e-01	4.146297e-01	4.130307e-01	4.111385e-01	4.085249e-01	4.046247e-01	4.015699e-01	
2.315973e-01	2.341692e-01	2.341016e-01	2.332947e-01	2.327476e-01	2.323124e-01	2.318719e-01	2.313168e-01	2.305240e-01	2.293293e-01	4.000441e-01	
2.233746e-01	2.206472e-01	2.208803e-01	2.221391e-01	2.229985e-01	2.236192e-01	2.241233e-01	2.246186e-01	2.252245e-01	2.260982e-01	3.974728e-01	
3.841363e-01	3.722667e-01	3.753880e-01	3.794124e-01	3.821496e-01	3.841617e-01	3.858719e-01	3.876595e-01	3.899458e-01	3.932896e-01	3.959466e-01	
2.149754e-01	3.706852e-01	2.125787e-01	2.138038e-01	2.146346e-01	2.152310e-01	2.157116e-01	2.161824e-01	2.167613e-01	2.176024e-01	2.176668e-01	
2.064475e-01	3.680201e-01	2.092351e-01	2.083111e-01	2.076785e-01	2.071704e-01	2.066594e-01	2.060309e-01	2.051572e-01	2.038727e-01	2.036360e-01	
3.542237e-01	3.664383e-01	3.636584e-01	3.601563e-01	3.577665e-01	3.559091e-01	3.541457e-01	3.520820e-01	3.492793e-01	3.451570e-01	3.419564e-01	
1.977602e-01	2.005445e-01	2.004654e-01	1.995667e-01	1.989506e-01	1.984562e-01	1.979603e-01	1.973520e-01	1.965077e-01	1.952625e-01	3.403246e-01	
1.889629e-01	1.860708e-01	1.863017e-01	1.875940e-01	1.884742e-01	1.891119e-01	1.896375e-01	1.901687e-01	1.908358e-01	1.918109e-01	3.375748e-01	
3.233662e-01	3.107443e-01	3.140045e-01	3.181978e-01	3.210501e-01	3.231585e-01	3.249740e-01	3.269025e-01	3.293948e-01	3.330482e-01	3.359427e-01	
1.800225e-01	3.090688e-01	1.774282e-01	1.786840e-01	1.795362e-01	1.801547e-01	1.806666e-01	1.811864e-01	1.818411e-01	1.827968e-01	1.828907e-01	
1.709898e-01	3.062454e-01	1.738842e-01	1.728602e-01	1.721603e-01	1.716085e-01	1.710714e-01	1.704289e-01	1.695475e-01	1.682539e-01	1.680296e-01	
2.916828e-01	3.045696e-01	3.015716e-01	2.977806e-01	2.951952e-01	2.932038e-01	2.913441e-01	2.892006e-01	2.863113e-01	2.820644e-01	2.787577e-01	
1.618319e-01	1.647721e-01	1.646635e-01	1.636543e-01	1.629633e-01	1.624204e-01	1.618948e-01	1.612691e-01	1.604128e-01	1.591517e-01	2.770454e-01	
1.526005e-01	1.495840e-01	1.498007e-01	1.510904e-01	1.519695e-01	1.526144e-01	1.531610e-01	1.537313e-01	1.544611e-01	1.555298e-01	2.741598e-01	
2.593022e-01	2.461261e-01	2.494661e-01	2.537498e-01	2.566648e-01	2.588350e-01	2.607314e-01	2.627778e-01	2.654455e-01	2.693582e-01	2.724472e-01	
1.432621e-01	2.443838e-01	1.405069e-01	1.417686e-01	1.426259e-01	1.432565e-01	1.437938e-01	1.443577e-01	1.450817e-01	1.461398e-01	1.462624e-01	
1.338691e-01	2.414477e-01	1.368217e-01	1.357132e-01	1.349571e-01	1.343712e-01	1.338178e-01	1.331729e-01	1.322990e-01	1.310174e-01	1.308085e-01	
2.263546e-01	2.397052e-01	2.365379e-01	2.325203e-01	2.297827e-01	2.276909e-01	2.257662e-01	2.235779e-01	2.206475e-01	2.163419e-01	2.129805e-01	
1.243862e-01	1.274338e-01	1.272978e-01	1.261969e-01	1.254451e-01	1.248648e-01	1.243195e-01	1.236867e-01	1.228305e-01	1.215705e-01	2.112150e-01	
1.148663e-01	1.117709e-01	1.119714e-01	1.132441e-01	1.141144e-01	1.147617e-01	1.153235e-01	1.159235e-01	1.167005e-01	1.178387e-01	2.082400e-01	
1.929618e-01	1.794327e-01	1.828062e-01	1.871258e-01	1.900712e-01	1.922804e-01	1.942340e-01	1.963649e-01	1.991563e-01	2.032501e-01	2.064743e-01	
1.052764e-01	1.776495e-01	1.024004e-01	1.036587e-01	1.045232e-01	1.051713e-01	1.057355e-01	1.063358e-01	1.071079e-01	1.082317e-01	1.083698e-01	
9.566958e-02	1.746449e-01	9.862384e-02	9.746479e-02	9.669573e-02	9.611784e-02	9.557999e-02	9.494795e-02	9.407711e-02	9.278636e-02	9.257203e-02	
1.592635e-01	1.728616e-01	1.695569e-01	1.654104e-01	1.626326e-01	1.605466e-01	1.586392e-01	1.564526e-01	1.534880e-01	1.491008e-01	1.456759e-01	
8.591099e-02	8.894116e-02	8.875860e-02	8.769428e-02	8.701886e-02	8.652452e-02	8.605265e-02	8.546090e-02	8.459157e-02	8.323645e-02	1.438812e-01	
7.605365e-02	7.265235e-02	7.284128e-02	7.437150e-02	7.551684e-02	7.641546e-02	7.717752e-02	7.789877e-02	7.867567e-02	7.962134e-02	1.408571e-01	
1.246868e-01	1.101260e-01	1.137519e-01	1.187182e-01	1.223199e-01	1.251145e-01	1.275305e-01	1.299443e-01	1.327475e-01	1.364189e-01	1.390623e-01	
6.707919e-02	1.082075e-01	6.240561e-02	6.450185e-02	6.604449e-02	6.724176e-02	6.827688e-02	6.931108e-02	7.051217e-02	7.207471e-02	7.165075e-02	
5.903905e-02	1.049747e-01	5.748109e-02	5.811095e-02	5.862584e-02	5.902609e-02	5.937216e-02	5.971793e-02	6.011950e-02	6.063833e-02	6.025597e-02	
9.646374e-02	1.030557e-01	9.645721e-02	9.631399e-02	9.631468e-02	9.631647e-02	9.631804e-02	9.631961e-02	9.632144e-02	9.632485e-02	9.637465e-02	
