4.940962e-01	4.941944e-01	4.942551e-01	4.942597e-01	4.942620e-01	4.942638e-01	4.942655e-01	4.942674e-01	4.942673e-01	4.941035e-01	4.881587e-01	
2.785252e-01	2.774894e-01	2.771959e-01	2.777128e-01	2.781025e-01	2.784217e-01	2.787207e-01	2.790468e-01	2.794518e-01	2.799161e-01	4.865303e-01	
2.715350e-01	2.675827e-01	2.673269e-01	2.688808e-01	2.700458e-01	2.709998e-01	2.718936e-01	2.728686e-01	2.740827e-01	2.757053e-01	4.837864e-01	
4.695606e-01	4.570233e-01	4.596593e-01	4.633072e-01	4.660257e-01	4.682521e-01	4.703377e-01	4.726129e-01	4.754471e-01	4.793162e-01	4.821578e-01	
2.636253e-01	4.554231e-01	2.607545e-01	2.618144e-01	2.626365e-01	2.633266e-01	2.639702e-01	2.646495e-01	2.654558e-01	2.665020e-01	2.665522e-01	
2.548428e-01	4.527263e-01	2.575223e-01	2.565322e-01	2.558950e-01	2.554234e-01	2.549733e-01	2.544136e-01	2.535968e-01	2.523296e-01	2.520471e-01	
4.387567e-01	4.511257e-01	4.483215e-01	4.447899e-01	4.423959e-01	4.405526e-01	4.388064e-01	4.367409e-01	4.338888e-01	4.296328e-01	4.262989e-01	
2.459370e-01	2.487459e-01	2.486713e-01	2.477878e-01	2.471888e-01	2.467128e-01	2.462316e-01	2.456259e-01	2.447614e-01	2.434585e-01	4.246330e-01	
2.369589e-01	2.339816e-01	2.342349e-01	2.356064e-01	2.365428e-01	2.372196e-01	2.377697e-01	2.383112e-01	2.389742e-01	2.399302e-01	4.218254e-01	
4.072661e-01	3.943093e-01	3.977133e-01	4.021017e-01	4.050866e-01	4.072815e-01	4.091485e-01	4.111016e-01	4.136006e-01	4.172555e-01	4.201590e-01	
2.277896e-01	3.925833e-01	2.251706e-01	2.265053e-01	2.274106e-01	2.280608e-01	2.285856e-01	2.291007e-01	2.297349e-01	2.306564e-01	2.307279e-01	
2.184823e-01	3.896746e-01	2.215211e-01	2.205099e-01	2.198176e-01	2.192622e-01	2.187048e-01	2.180203e-01	2.170695e-01	2.156716e-01	2.154149e-01	
3.746208e-01	3.879482e-01	3.849110e-01	3.810836e-01	3.784719e-01	3.764432e-01	3.745191e-01	3.722695e-01	3.692159e-01	3.647246e-01	3.612370e-01	
2.090034e-01	2.120417e-01	2.119537e-01	2.109689e-01	2.102937e-01	2.097528e-01	2.092115e-01	2.085488e-01	2.076300e-01	2.062749e-01	3.594572e-01	
1.994079e-01	1.962548e-01	1.965045e-01	1.979089e-01	1.988654e-01	1.995591e-01	2.001321e-01	2.007125e-01	2.014426e-01	2.025097e-01	3.564578e-01	
3.409643e-01	3.272028e-01	3.307519e-01	3.353159e-01	3.384205e-01	3.407167e-01	3.426964e-01	3.448018e-01	3.475247e-01	3.515163e-01	3.546777e-01	
1.896594e-01	3.253766e-01	1.868264e-01	1.881913e-01	1.891176e-01	1.897906e-01	1.903490e-01	1.909177e-01	1.916352e-01	1.926826e-01	1.927872e-01	
1.798142e-01	3.222992e-01	1.829634e-01	1.818428e-01	1.810770e-01	1.804743e-01	1.798893e-01	1.791913e-01	1.782349e-01	1.768313e-01	1.765894e-01	
3.064321e-01	3.204728e-01	3.172000e-01	3.130600e-01	3.102367e-01	3.080637e-01	3.060375e-01	3.037055e-01	3.005641e-01	2.959471e-01	2.923514e-01	
1.698364e-01	1.730402e-01	1.729194e-01	1.718133e-01	1.710562e-01	1.704623e-01	1.698894e-01	1.692094e-01	1.682800e-01	1.669113e-01	2.904866e-01	
1.597834e-01	1.565004e-01	1.567334e-01	1.581303e-01	1.590825e-01	1.597821e-01	1.603768e-01	1.609994e-01	1.617977e-01	1.629668e-01	2.873442e-01	
2.711704e-01	2.568297e-01	2.604572e-01	2.651082e-01	2.682734e-01	2.706317e-01	2.726960e-01	2.749274e-01	2.778388e-01	2.821093e-01	2.854792e-01	
1.496184e-01	2.549342e-01	1.466136e-01	1.479807e-01	1.489097e-01	1.495942e-01	1.501794e-01	1.507959e-01	1.515890e-01	1.527483e-01	1.528847e-01	
1.393995e-01	2.517400e-01	1.426041e-01	1.413921e-01	1.405654e-01	1.399263e-01	1.393248e-01	1.386264e-01	1.376815e-01	1.362960e-01	1.360722e-01	
2.353270e-01	2.498442e-01	2.463915e-01	2.420099e-01	2.390243e-01	2.367454e-01	2.346526e-01	2.322775e-01	2.291002e-01	2.244321e-01	2.207864e-01	
1.290882e-01	1.324026e-01	1.322513e-01	1.310457e-01	1.302224e-01	1.295883e-01	1.289950e-01	1.283092e-01	1.273829e-01	1.260200e-01	2.188678e-01	
1.187431e-01	1.153820e-01	1.155960e-01	1.169691e-01	1.179082e-01	1.186080e-01	1.192177e-01	1.198718e-01	1.207207e-01	1.219644e-01	2.156349e-01	
1.990403e-01	1.843488e-01	1.880022e-01	1.926782e-01	1.958669e-01	1.982611e-01	2.003828e-01	2.027021e-01	2.057436e-01	2.102045e-01	2.137162e-01	
1.083279e-01	1.824136e-01	1.051971e-01	1.065556e-01	1.074892e-01	1.081905e-01	1.088037e-01	1.094591e-01	1.103041e-01	1.115343e-01	1.116880e-01	
9.790137e-02	1.791526e-01	1.010981e-01	9.983264e-02	9.899297e-02	9.836352e-02	9.778049e-02	9.709841e-02	9.616057e-02	9.477072e-02	9.454245e-02	
1.624676e-01	1.772172e-01	1.736220e-01	1.691084e-01	1.660847e-01	1.638167e-01	1.617478e-01	1.593815e-01	1.561770e-01	1.514354e-01	1.477323e-01	
8.731712e-02	9.060463e-02	9.040258e-02	8.923786e-02	8.849829e-02	8.795833e-02	8.744585e-02	8.680643e-02	8.586904e-02	8.440796e-02	1.457872e-01	
7.663363e-02	7.295094e-02	7.315147e-02	7.479872e-02	7.603250e-02	7.700217e-02	7.782688e-02	7.861027e-02	7.945687e-02	8.048947e-02	1.425096e-01	
1.249939e-01	1.092264e-01	1.131422e-01	1.185049e-01	1.223952e-01	1.254164e-01	1.280325e-01	1.306513e-01	1.336972e-01	1.376896e-01	1.405644e-01	
6.691140e-02	1.071501e-01	6.184579e-02	6.410926e-02	6.577555e-02	6.706996e-02	6.819087e-02	6.931295e-02	7.061809e-02	7.231733e-02	7.186200e-02	
5.820706e-02	1.036512e-01	5.651836e-02	5.719825e-02	5.775442e-02	5.818717e-02	5.856192e-02	5.893709e-02	5.937346e-02	5.993771e-02	5.952464e-02	
9.444004e-02	1.015744e-01	9.443296e-02	9.427795e-02	9.427869e-02	9.428063e-02	9.428233e-02	9.428403e-02	9.428602e-02	9.428973e-02	9.434362e-02	
