6.262841e-01	6.264224e-01	6.265078e-01	6.265142e-01	6.265174e-01	6.265200e-01	6.265225e-01	6.265251e-01	6.265250e-01	6.262945e-01	6.179274e-01	
3.525860e-01	3.511279e-01	3.507140e-01	3.514401e-01	3.519878e-01	3.524367e-01	3.528577e-01	3.533173e-01	3.538884e-01	3.545432e-01	6.156355e-01	
3.427476e-01	3.371852e-01	3.368225e-01	3.390050e-01	3.406419e-01	3.419835e-01	3.432417e-01	3.446157e-01	3.463272e-01	3.486147e-01	6.117735e-01	
5.917557e-01	5.741159e-01	5.778174e-01	5.829399e-01	5.867589e-01	5.898889e-01	5.928244e-01	5.960298e-01	6.000245e-01	6.054776e-01	6.094814e-01	
3.316163e-01	5.718652e-01	3.275698e-01	3.290549e-01	3.302078e-01	3.311772e-01	3.320837e-01	3.330427e-01	3.341827e-01	3.356627e-01	3.357358e-01	
3.192633e-01	5.680722e-01	3.230220e-01	3.216211e-01	3.207194e-01	3.200537e-01	3.194215e-01	3.186385e-01	3.174974e-01	3.157266e-01	3.153342e-01	
5.484341e-01	5.658209e-01	5.618668e-01	5.568837e-01	5.535054e-01	5.509076e-01	5.484529e-01	5.455561e-01	5.415601e-01	5.355979e-01	5.309257e-01	
3.067426e-01	3.106922e-01	3.105820e-01	3.093260e-01	3.084744e-01	3.078002e-01	3.071231e-01	3.062752e-01	3.050674e-01	3.032475e-01	5.285857e-01	
2.941321e-01	2.899549e-01	2.903031e-01	2.922109e-01	2.935138e-01	2.944578e-01	2.952295e-01	2.959941e-01	2.969339e-01	2.982898e-01	5.246423e-01	
5.042084e-01	4.860303e-01	4.907858e-01	4.969133e-01	5.010819e-01	5.041522e-01	5.067724e-01	5.095234e-01	5.130501e-01	5.182081e-01	5.223017e-01	
2.812632e-01	4.836109e-01	2.775719e-01	2.794279e-01	2.806872e-01	2.815946e-01	2.823321e-01	2.830624e-01	2.839663e-01	2.852800e-01	2.853882e-01	
2.682168e-01	4.795338e-01	2.724544e-01	2.710190e-01	2.700368e-01	2.692529e-01	2.684733e-01	2.675230e-01	2.662072e-01	2.642733e-01	2.639238e-01	
4.584537e-01	4.771139e-01	4.728357e-01	4.674379e-01	4.637548e-01	4.609009e-01	4.582070e-01	4.550708e-01	4.508225e-01	4.445757e-01	4.397212e-01	
2.549446e-01	2.592004e-01	2.590666e-01	2.576609e-01	2.566975e-01	2.559305e-01	2.551714e-01	2.542503e-01	2.529785e-01	2.511037e-01	4.372329e-01	
2.415295e-01	2.371299e-01	2.374662e-01	2.393970e-01	2.407126e-01	2.416708e-01	2.424697e-01	2.432879e-01	2.443235e-01	2.458379e-01	4.330397e-01	
4.114058e-01	3.922018e-01	3.971210e-01	4.034411e-01	4.077412e-01	4.109299e-01	4.136936e-01	4.166495e-01	4.204838e-01	4.261051e-01	4.305510e-01	
2.279199e-01	3.896569e-01	2.239398e-01	2.258174e-01	2.270924e-01	2.280235e-01	2.288046e-01	2.296102e-01	2.306343e-01	2.321296e-01	2.322886e-01	
2.142001e-01	3.853685e-01	2.185545e-01	2.169658e-01	2.158807e-01	2.150327e-01	2.142202e-01	2.132615e-01	2.119550e-01	2.100382e-01	2.097166e-01	
3.632888e-01	3.828233e-01	3.782312e-01	3.724130e-01	3.684458e-01	3.654029e-01	3.625842e-01	3.593600e-01	3.550305e-01	3.486688e-01	3.437086e-01	
2.003191e-01	2.047787e-01	2.045950e-01	2.030172e-01	2.019376e-01	2.010976e-01	2.002988e-01	1.993628e-01	1.980913e-01	1.962200e-01	3.411197e-01	
1.863624e-01	1.818167e-01	1.821222e-01	1.840158e-01	1.853073e-01	1.862622e-01	1.870846e-01	1.879582e-01	1.890873e-01	1.907419e-01	3.367571e-01	
3.143399e-01	2.944793e-01	2.994569e-01	3.058303e-01	3.101690e-01	3.134133e-01	3.162734e-01	3.193882e-01	3.234680e-01	3.294532e-01	3.341680e-01	
1.722779e-01	2.918589e-01	1.680805e-01	1.699371e-01	1.711996e-01	1.721364e-01	1.729492e-01	1.738193e-01	1.749485e-01	1.765998e-01	1.768066e-01	
1.581520e-01	2.874435e-01	1.625363e-01	1.608250e-01	1.596586e-01	1.587645e-01	1.579367e-01	1.569900e-01	1.557187e-01	1.538552e-01	1.535664e-01	
2.647970e-01	2.848230e-01	2.800091e-01	2.738884e-01	2.697186e-01	2.665493e-01	2.636628e-01	2.604134e-01	2.560840e-01	2.497256e-01	2.447518e-01	
1.439301e-01	1.485048e-01	1.482760e-01	1.465625e-01	1.453929e-01	1.445004e-01	1.436799e-01	1.427470e-01	1.414973e-01	1.396599e-01	2.421125e-01	
1.296985e-01	1.250902e-01	1.253619e-01	1.271930e-01	1.284461e-01	1.293878e-01	1.302224e-01	1.311339e-01	1.323280e-01	1.340790e-01	2.376650e-01	
2.148827e-01	1.947332e-01	1.996859e-01	2.060141e-01	2.103309e-01	2.135869e-01	2.164982e-01	2.197097e-01	2.239412e-01	2.301488e-01	2.350256e-01	
1.154060e-01	1.920850e-01	1.110679e-01	1.128855e-01	1.141360e-01	1.150838e-01	1.159273e-01	1.168461e-01	1.180430e-01	1.197870e-01	1.200205e-01	
1.011385e-01	1.876228e-01	1.054578e-01	1.036830e-01	1.025055e-01	1.016313e-01	1.008376e-01	9.992654e-02	9.868516e-02	9.684648e-02	9.655901e-02	
1.648416e-01	1.849747e-01	1.800063e-01	1.737543e-01	1.695657e-01	1.664391e-01	1.636151e-01	1.604168e-01	1.561067e-01	1.497318e-01	1.447442e-01	
8.669535e-02	9.118700e-02	9.088823e-02	8.923991e-02	8.819080e-02	8.743238e-02	8.672921e-02	8.587034e-02	8.462243e-02	8.267818e-02	1.420979e-01	
7.216128e-02	6.717205e-02	6.742099e-02	6.959843e-02	7.123411e-02	7.252911e-02	7.364413e-02	7.471944e-02	7.589719e-02	7.734538e-02	1.376389e-01	
1.138658e-01	9.249227e-02	9.774066e-02	1.049245e-01	1.101417e-01	1.142089e-01	1.177547e-01	1.213325e-01	1.255203e-01	1.310263e-01	1.349927e-01	
5.896010e-02	8.968398e-02	5.206697e-02	5.509854e-02	5.733350e-02	5.907630e-02	6.059571e-02	6.212893e-02	6.392359e-02	6.626763e-02	6.567168e-02	
4.717290e-02	8.495179e-02	4.487470e-02	4.578408e-02	4.653012e-02	4.711283e-02	4.762088e-02	4.813357e-02	4.873368e-02	4.951220e-02	4.895785e-02	
7.249399e-02	8.214294e-02	7.248436e-02	7.227466e-02	7.227563e-02	7.227824e-02	7.228055e-02	7.228287e-02	7.228560e-02	7.229069e-02	7.236359e-02	
