2.249440e-01	2.249808e-01	2.250036e-01	2.250053e-01	2.250062e-01	2.250069e-01	2.250075e-01	2.250082e-01	2.250082e-01	2.249468e-01	2.227177e-01	
1.270631e-01	1.266749e-01	1.265652e-01	1.267597e-01	1.269063e-01	1.270261e-01	1.271381e-01	1.272601e-01	1.274114e-01	1.275848e-01	2.221071e-01	
1.244421e-01	1.229600e-01	1.228655e-01	1.234504e-01	1.238885e-01	1.242468e-01	1.245818e-01	1.249466e-01	1.254004e-01	1.260070e-01	2.210783e-01	
2.157421e-01	2.110383e-01	2.120310e-01	2.134046e-01	2.144275e-01	2.152639e-01	2.160459e-01	2.168975e-01	2.179574e-01	2.194043e-01	2.204676e-01	
1.214757e-01	2.104375e-01	1.204022e-01	1.208030e-01	1.211133e-01	1.213729e-01	1.216140e-01	1.218672e-01	1.221670e-01	1.225556e-01	1.225731e-01	
1.181787e-01	2.094251e-01	1.191896e-01	1.188220e-01	1.185855e-01	1.184097e-01	1.182403e-01	1.180281e-01	1.177176e-01	1.172361e-01	1.171277e-01	
2.041754e-01	2.088242e-01	2.077764e-01	2.064585e-01	2.055652e-01	2.048757e-01	2.042195e-01	2.034400e-01	2.023615e-01	2.007518e-01	1.994917e-01	
1.148326e-01	1.158877e-01	1.158623e-01	1.155373e-01	1.153169e-01	1.151406e-01	1.149601e-01	1.147307e-01	1.144020e-01	1.139066e-01	1.988647e-01	
1.114534e-01	1.103304e-01	1.104296e-01	1.109551e-01	1.113137e-01	1.115717e-01	1.117793e-01	1.119811e-01	1.122263e-01	1.125797e-01	1.978079e-01	
1.923201e-01	1.874328e-01	1.887270e-01	1.903970e-01	1.915325e-01	1.923650e-01	1.930687e-01	1.938000e-01	1.947322e-01	1.960956e-01	1.971807e-01	
1.079971e-01	1.867807e-01	1.070178e-01	1.075295e-01	1.078764e-01	1.081241e-01	1.083214e-01	1.085119e-01	1.087440e-01	1.090811e-01	1.091041e-01	
1.044807e-01	1.856818e-01	1.056400e-01	1.052669e-01	1.050114e-01	1.048042e-01	1.045928e-01	1.043296e-01	1.039617e-01	1.034207e-01	1.033184e-01	
1.799834e-01	1.850295e-01	1.838926e-01	1.824631e-01	1.814876e-01	1.807263e-01	1.799978e-01	1.791392e-01	1.779691e-01	1.762476e-01	1.749125e-01	
1.008921e-01	1.020415e-01	1.020135e-01	1.016543e-01	1.014079e-01	1.012079e-01	1.010037e-01	1.007493e-01	1.003939e-01	9.986945e-02	1.742367e-01	
9.724868e-02	9.604710e-02	9.614859e-02	9.669844e-02	9.707272e-02	9.734202e-02	9.756071e-02	9.777767e-02	9.804723e-02	9.844088e-02	1.730978e-01	
1.672012e-01	1.619579e-01	1.633275e-01	1.650917e-01	1.662912e-01	1.671740e-01	1.679277e-01	1.687207e-01	1.697404e-01	1.712349e-01	1.724218e-01	
9.353748e-02	1.612603e-01	9.247196e-02	9.300584e-02	9.336784e-02	9.362843e-02	9.384025e-02	9.405068e-02	9.431237e-02	9.469408e-02	9.472717e-02	
8.977652e-02	1.600847e-01	9.099728e-02	9.058333e-02	9.030012e-02	9.007405e-02	8.984918e-02	8.957523e-02	8.919629e-02	8.863976e-02	8.853924e-02	
1.540066e-01	1.593869e-01	1.581531e-01	1.565970e-01	1.555357e-01	1.547133e-01	1.539367e-01	1.530325e-01	1.518074e-01	1.500058e-01	1.486057e-01	
8.595276e-02	8.717925e-02	8.714105e-02	8.673768e-02	8.646132e-02	8.624101e-02	8.602237e-02	8.575649e-02	8.538904e-02	8.484735e-02	1.478882e-01	
8.208478e-02	8.081522e-02	8.091443e-02	8.147603e-02	8.185855e-02	8.213640e-02	8.236688e-02	8.260151e-02	8.289761e-02	8.333072e-02	1.466791e-01	
1.404365e-01	1.348929e-01	1.363198e-01	1.381537e-01	1.394011e-01	1.403243e-01	1.411215e-01	1.419710e-01	1.430711e-01	1.446842e-01	1.459615e-01	
7.815916e-02	1.341576e-01	7.701694e-02	7.756499e-02	7.793697e-02	7.820750e-02	7.843242e-02	7.866201e-02	7.895218e-02	7.937592e-02	7.941905e-02	
7.419495e-02	1.329184e-01	7.546259e-02	7.501172e-02	7.470380e-02	7.446152e-02	7.422624e-02	7.394525e-02	7.356003e-02	7.299457e-02	7.289675e-02	
1.265287e-01	1.321830e-01	1.308658e-01	1.292005e-01	1.280655e-01	1.271918e-01	1.263764e-01	1.254368e-01	1.241702e-01	1.223082e-01	1.208582e-01	
7.017785e-02	7.146728e-02	7.141929e-02	7.097706e-02	7.067480e-02	7.043750e-02	7.020759e-02	6.993332e-02	6.955735e-02	6.900338e-02	1.201070e-01	
6.612732e-02	6.480279e-02	6.489905e-02	6.546842e-02	6.585734e-02	6.614281e-02	6.638383e-02	6.663356e-02	6.695147e-02	6.741652e-02	1.188412e-01	
1.123181e-01	1.065321e-01	1.080028e-01	1.098913e-01	1.111783e-01	1.121364e-01	1.129712e-01	1.138678e-01	1.150326e-01	1.167401e-01	1.180899e-01	
6.202998e-02	1.057665e-01	6.082149e-02	6.138169e-02	6.176597e-02	6.204993e-02	6.228994e-02	6.253702e-02	6.284879e-02	6.330187e-02	6.334995e-02	
5.790563e-02	1.044765e-01	5.920081e-02	5.872429e-02	5.840810e-02	5.816630e-02	5.793340e-02	5.765117e-02	5.725683e-02	5.667183e-02	5.656761e-02	
9.784838e-02	1.037108e-01	1.023160e-01	1.005730e-01	9.940542e-02	9.852127e-02	9.769897e-02	9.674081e-02	9.543132e-02	9.349206e-02	9.198256e-02	
5.369661e-02	5.500085e-02	5.493343e-02	5.450339e-02	5.423170e-02	5.402911e-02	5.382748e-02	5.356554e-02	5.317523e-02	5.256637e-02	9.120450e-02	
4.942293e-02	4.793798e-02	4.803176e-02	4.872664e-02	4.924437e-02	4.964590e-02	4.997972e-02	5.028767e-02	5.061163e-02	5.100013e-02	8.989341e-02	
8.285502e-02	7.650387e-02	7.811511e-02	8.032387e-02	8.192272e-02	8.315560e-02	8.420965e-02	8.524860e-02	8.644210e-02	8.799675e-02	8.911528e-02	
4.551973e-02	7.566393e-02	4.349445e-02	4.442698e-02	4.511161e-02	4.563966e-02	4.609114e-02	4.653616e-02	4.704738e-02	4.770874e-02	4.751328e-02	
4.200689e-02	7.424848e-02	4.133191e-02	4.161271e-02	4.184118e-02	4.201768e-02	4.216858e-02	4.231733e-02	4.248821e-02	4.270772e-02	4.253820e-02	
7.052202e-02	7.340827e-02	7.051919e-02	7.045651e-02	7.045682e-02	7.045761e-02	7.045830e-02	7.045897e-02	7.045975e-02	7.046121e-02	7.048301e-02	
