2.947128e-01	2.947631e-01	2.947941e-01	2.947965e-01	2.947976e-01	2.947986e-01	2.947995e-01	2.948004e-01	2.948004e-01	2.947166e-01	2.916752e-01	
1.664070e-01	1.658773e-01	1.657275e-01	1.659927e-01	1.661925e-01	1.663560e-01	1.665089e-01	1.666754e-01	1.668820e-01	1.671188e-01	2.908421e-01	
1.628308e-01	1.608086e-01	1.606792e-01	1.614766e-01	1.620740e-01	1.625627e-01	1.630198e-01	1.635178e-01	1.641375e-01	1.649656e-01	2.894383e-01	
2.821580e-01	2.757407e-01	2.770939e-01	2.789663e-01	2.803609e-01	2.815017e-01	2.825687e-01	2.837311e-01	2.851781e-01	2.871535e-01	2.886051e-01	
1.587835e-01	2.749212e-01	1.573179e-01	1.578636e-01	1.582865e-01	1.586404e-01	1.589695e-01	1.593154e-01	1.597252e-01	1.602565e-01	1.602809e-01	
1.542861e-01	2.735402e-01	1.556635e-01	1.551609e-01	1.548374e-01	1.545972e-01	1.543663e-01	1.540775e-01	1.536551e-01	1.530000e-01	1.528529e-01	
2.663808e-01	2.727205e-01	2.712897e-01	2.694897e-01	2.682695e-01	2.673282e-01	2.664333e-01	2.653712e-01	2.639023e-01	2.617102e-01	2.599939e-01	
1.497225e-01	1.511616e-01	1.511262e-01	1.506808e-01	1.503789e-01	1.501376e-01	1.498913e-01	1.495791e-01	1.491320e-01	1.484581e-01	2.591391e-01	
1.451157e-01	1.435854e-01	1.437195e-01	1.444331e-01	1.449201e-01	1.452709e-01	1.455538e-01	1.458295e-01	1.461650e-01	1.466487e-01	2.576984e-01	
2.502193e-01	2.435596e-01	2.453200e-01	2.475913e-01	2.491357e-01	2.502686e-01	2.512278e-01	2.522258e-01	2.534993e-01	2.553617e-01	2.568433e-01	
1.404053e-01	2.426713e-01	1.390682e-01	1.397630e-01	1.402341e-01	1.405709e-01	1.408399e-01	1.411007e-01	1.414191e-01	1.418816e-01	1.419141e-01	
1.356153e-01	2.411744e-01	1.371911e-01	1.366802e-01	1.363303e-01	1.360473e-01	1.357596e-01	1.354024e-01	1.349040e-01	1.341708e-01	1.340332e-01	
2.334155e-01	2.402859e-01	2.387340e-01	2.367820e-01	2.354498e-01	2.344111e-01	2.334193e-01	2.322524e-01	2.306635e-01	2.283259e-01	2.265125e-01	
1.307293e-01	1.322946e-01	1.322548e-01	1.317617e-01	1.314234e-01	1.311497e-01	1.308714e-01	1.305261e-01	1.300445e-01	1.293338e-01	2.255929e-01	
1.257718e-01	1.241382e-01	1.242743e-01	1.250175e-01	1.255234e-01	1.258881e-01	1.261853e-01	1.264816e-01	1.268506e-01	1.273897e-01	2.240433e-01	
2.160242e-01	2.088952e-01	2.107521e-01	2.131432e-01	2.147691e-01	2.159672e-01	2.169921e-01	2.180730e-01	2.194647e-01	2.215046e-01	2.231236e-01	
1.207250e-01	2.079472e-01	1.192722e-01	1.199939e-01	1.204834e-01	1.208365e-01	1.211248e-01	1.214127e-01	1.217720e-01	1.222962e-01	1.223432e-01	
1.156144e-01	2.063497e-01	1.172680e-01	1.167013e-01	1.163137e-01	1.160052e-01	1.157001e-01	1.153300e-01	1.148191e-01	1.140689e-01	1.139347e-01	
1.980954e-01	2.054016e-01	2.037200e-01	2.015980e-01	2.001507e-01	1.990309e-01	1.979764e-01	1.967516e-01	1.950943e-01	1.926575e-01	1.907628e-01	
1.104221e-01	1.120879e-01	1.120336e-01	1.114798e-01	1.111005e-01	1.107992e-01	1.105020e-01	1.101425e-01	1.096469e-01	1.089164e-01	1.897894e-01	
1.051742e-01	1.034537e-01	1.035855e-01	1.043403e-01	1.048545e-01	1.052289e-01	1.055411e-01	1.058609e-01	1.062659e-01	1.068584e-01	1.881490e-01	
1.796852e-01	1.721717e-01	1.740984e-01	1.765734e-01	1.782570e-01	1.795049e-01	1.805857e-01	1.817409e-01	1.832393e-01	1.854367e-01	1.871754e-01	
9.985251e-02	1.711758e-01	9.829873e-02	9.903577e-02	9.953618e-02	9.990109e-02	1.002063e-01	1.005201e-01	1.009182e-01	1.014996e-01	1.015609e-01	
9.448370e-02	1.694976e-01	9.619333e-02	9.557705e-02	9.515630e-02	9.482651e-02	9.450843e-02	9.413083e-02	9.361458e-02	9.285695e-02	9.272770e-02	
1.608505e-01	1.685016e-01	1.667112e-01	1.644458e-01	1.629018e-01	1.617155e-01	1.606122e-01	1.593451e-01	1.576397e-01	1.551329e-01	1.531795e-01	
8.904825e-02	9.079347e-02	9.072535e-02	9.011896e-02	8.970459e-02	8.938067e-02	8.906923e-02	8.870019e-02	8.819587e-02	8.745302e-02	1.521642e-01	
8.357345e-02	8.178566e-02	8.191215e-02	8.267252e-02	8.319204e-02	8.357456e-02	8.389966e-02	8.423906e-02	8.467294e-02	8.530787e-02	1.504532e-01	
1.416439e-01	1.338332e-01	1.358094e-01	1.383453e-01	1.400736e-01	1.413625e-01	1.424897e-01	1.437049e-01	1.452868e-01	1.476061e-01	1.494378e-01	
7.804102e-02	1.328007e-01	7.640256e-02	7.715154e-02	7.766550e-02	7.804659e-02	7.837102e-02	7.870774e-02	7.913467e-02	7.975536e-02	7.982386e-02	
7.247862e-02	1.310609e-01	7.421659e-02	7.356701e-02	7.313599e-02	7.280783e-02	7.249437e-02	7.211730e-02	7.159217e-02	7.081331e-02	7.067675e-02	
1.221299e-01	1.300284e-01	1.281393e-01	1.257764e-01	1.241936e-01	1.229974e-01	1.218895e-01	1.206036e-01	1.188496e-01	1.162524e-01	1.142294e-01	
6.680843e-02	6.856632e-02	6.847181e-02	6.788301e-02	6.751060e-02	6.723422e-02	6.696198e-02	6.661129e-02	6.609049e-02	6.527821e-02	1.131826e-01	
6.105832e-02	5.906371e-02	5.918603e-02	6.011077e-02	6.080049e-02	6.133687e-02	6.178490e-02	6.220079e-02	6.264083e-02	6.317053e-02	1.114185e-01	
1.019576e-01	9.342473e-02	9.557987e-02	9.853366e-02	1.006728e-01	1.023246e-01	1.037407e-01	1.051410e-01	1.067539e-01	1.088577e-01	1.103716e-01	
5.581067e-02	9.229727e-02	5.308542e-02	5.433241e-02	5.524843e-02	5.595600e-02	5.656257e-02	5.716242e-02	5.785334e-02	5.874839e-02	5.848919e-02	
5.109303e-02	9.039731e-02	5.018470e-02	5.056001e-02	5.086570e-02	5.110221e-02	5.130497e-02	5.150549e-02	5.173644e-02	5.203355e-02	5.180668e-02	
8.539533e-02	8.926951e-02	8.539152e-02	8.530738e-02	8.530779e-02	8.530885e-02	8.530977e-02	8.531068e-02	8.531173e-02	8.531371e-02	8.534297e-02	
