3.204017e-01	3.204573e-01	3.204916e-01	3.204943e-01	3.204956e-01	3.204966e-01	3.204976e-01	3.204986e-01	3.204986e-01	3.204059e-01	3.170411e-01	
1.808801e-01	1.802941e-01	1.801284e-01	1.804217e-01	1.806427e-01	1.808235e-01	1.809926e-01	1.811769e-01	1.814056e-01	1.816677e-01	3.161194e-01	
1.769237e-01	1.746865e-01	1.745432e-01	1.754250e-01	1.760858e-01	1.766264e-01	1.771321e-01	1.776831e-01	1.783689e-01	1.792854e-01	3.145663e-01	
3.065122e-01	2.994130e-01	3.009095e-01	3.029801e-01	3.045225e-01	3.057844e-01	3.069649e-01	3.082511e-01	3.098523e-01	3.120383e-01	3.136445e-01	
1.724461e-01	2.985065e-01	1.708243e-01	1.714276e-01	1.718951e-01	1.722866e-01	1.726506e-01	1.730336e-01	1.734873e-01	1.740756e-01	1.741027e-01	
1.674711e-01	2.969788e-01	1.689941e-01	1.684375e-01	1.680793e-01	1.678134e-01	1.675581e-01	1.672389e-01	1.667722e-01	1.660483e-01	1.658859e-01	
2.890598e-01	2.960720e-01	2.944886e-01	2.924963e-01	2.911457e-01	2.901041e-01	2.891142e-01	2.879400e-01	2.863162e-01	2.838929e-01	2.819956e-01	
1.624233e-01	1.640151e-01	1.639755e-01	1.634819e-01	1.631472e-01	1.628800e-01	1.626076e-01	1.622624e-01	1.617684e-01	1.610239e-01	2.810502e-01	
1.573284e-01	1.556363e-01	1.557841e-01	1.565720e-01	1.571097e-01	1.574972e-01	1.578099e-01	1.581151e-01	1.584869e-01	1.590227e-01	2.794569e-01	
2.711866e-01	2.638229e-01	2.657680e-01	2.682773e-01	2.699836e-01	2.712357e-01	2.722962e-01	2.734006e-01	2.748101e-01	2.768715e-01	2.785112e-01	
1.521197e-01	2.628409e-01	1.506401e-01	1.514072e-01	1.519273e-01	1.522993e-01	1.525969e-01	1.528857e-01	1.532388e-01	1.537517e-01	1.537882e-01	
1.468242e-01	2.611860e-01	1.485648e-01	1.479987e-01	1.476110e-01	1.472977e-01	1.469798e-01	1.465856e-01	1.460357e-01	1.452270e-01	1.450755e-01	
2.526098e-01	2.602037e-01	2.584866e-01	2.563261e-01	2.548518e-01	2.537028e-01	2.526065e-01	2.513176e-01	2.495633e-01	2.469825e-01	2.449802e-01	
1.414235e-01	1.431538e-01	1.431091e-01	1.425621e-01	1.421869e-01	1.418837e-01	1.415760e-01	1.411948e-01	1.406635e-01	1.398796e-01	2.439640e-01	
1.359454e-01	1.341408e-01	1.342902e-01	1.351092e-01	1.356667e-01	1.360688e-01	1.363971e-01	1.367249e-01	1.371338e-01	1.377312e-01	2.422517e-01	
2.333922e-01	2.255170e-01	2.275659e-01	2.302038e-01	2.319975e-01	2.333198e-01	2.344521e-01	2.356475e-01	2.371873e-01	2.394444e-01	2.412353e-01	
1.303699e-01	2.244701e-01	1.287630e-01	1.295584e-01	1.300978e-01	1.304873e-01	1.308059e-01	1.311248e-01	1.315234e-01	1.321048e-01	1.321577e-01	
1.247257e-01	2.227058e-01	1.265494e-01	1.259216e-01	1.254922e-01	1.251510e-01	1.248142e-01	1.244065e-01	1.238442e-01	1.230185e-01	1.228714e-01	
2.135921e-01	2.216587e-01	2.197993e-01	2.174522e-01	2.158513e-01	2.146135e-01	2.134494e-01	2.120986e-01	2.102718e-01	2.075858e-01	2.054970e-01	
1.189930e-01	1.208324e-01	1.207713e-01	1.201570e-01	1.197363e-01	1.194026e-01	1.190744e-01	1.186782e-01	1.181326e-01	1.173285e-01	2.044226e-01	
1.132011e-01	1.113031e-01	1.114472e-01	1.122769e-01	1.128422e-01	1.132542e-01	1.135986e-01	1.139522e-01	1.144007e-01	1.150570e-01	2.026122e-01	
1.932737e-01	1.849849e-01	1.871070e-01	1.898324e-01	1.916865e-01	1.930615e-01	1.942539e-01	1.955302e-01	1.971867e-01	1.996161e-01	2.015377e-01	
1.073297e-01	1.838866e-01	1.056129e-01	1.064233e-01	1.069736e-01	1.073753e-01	1.077122e-01	1.080596e-01	1.085010e-01	1.091459e-01	1.092148e-01	
1.014089e-01	1.820359e-01	1.032909e-01	1.026086e-01	1.021428e-01	1.017783e-01	1.014278e-01	1.010128e-01	1.004460e-01	9.961435e-02	9.947333e-02	
1.725027e-01	1.809374e-01	1.789598e-01	1.764567e-01	1.747508e-01	1.734410e-01	1.722248e-01	1.708299e-01	1.689538e-01	1.661963e-01	1.640470e-01	
9.541685e-02	9.734103e-02	9.726442e-02	9.659216e-02	9.613282e-02	9.577439e-02	9.543089e-02	9.502503e-02	9.447116e-02	9.365541e-02	1.629283e-01	
8.938426e-02	8.741548e-02	8.755315e-02	8.838664e-02	8.895618e-02	8.937609e-02	8.973401e-02	9.010886e-02	9.058893e-02	9.129155e-02	1.610430e-01	
1.513397e-01	1.427378e-01	1.449098e-01	1.476961e-01	1.495952e-01	1.510127e-01	1.522542e-01	1.535947e-01	1.553414e-01	1.579024e-01	1.599241e-01	
8.329080e-02	1.416012e-01	8.148303e-02	8.230444e-02	8.286820e-02	8.328684e-02	8.364433e-02	8.401665e-02	8.448971e-02	8.517755e-02	8.525470e-02	
7.716743e-02	1.396859e-01	7.907650e-02	7.835814e-02	7.788149e-02	7.751925e-02	7.717449e-02	7.676108e-02	7.618617e-02	7.533355e-02	7.518511e-02	
1.298580e-01	1.385492e-01	1.364660e-01	1.338590e-01	1.321126e-01	1.307941e-01	1.295750e-01	1.281624e-01	1.262372e-01	1.233868e-01	1.211658e-01	
7.092842e-02	7.286308e-02	7.275733e-02	7.210498e-02	7.169218e-02	7.138642e-02	7.108658e-02	7.070175e-02	7.013108e-02	6.924109e-02	1.200146e-01	
6.460490e-02	6.241297e-02	6.254565e-02	6.355777e-02	6.431301e-02	6.490104e-02	6.539322e-02	6.585131e-02	6.633722e-02	6.692305e-02	1.180746e-01	
1.076745e-01	9.829657e-02	1.006606e-01	1.039004e-01	1.062470e-01	1.080604e-01	1.096166e-01	1.111578e-01	1.129349e-01	1.152542e-01	1.169233e-01	
5.883583e-02	9.705793e-02	5.583865e-02	5.720634e-02	5.821128e-02	5.898803e-02	5.965467e-02	6.031486e-02	6.107615e-02	6.206294e-02	6.177968e-02	
5.365188e-02	9.497064e-02	5.265290e-02	5.306445e-02	5.339982e-02	5.365946e-02	5.388230e-02	5.410299e-02	5.435748e-02	5.468505e-02	5.443613e-02	
8.947547e-02	9.373164e-02	8.947128e-02	8.937884e-02	8.937929e-02	8.938046e-02	8.938147e-02	8.938247e-02	8.938363e-02	8.938580e-02	8.941795e-02	
