6.376364e-01	6.377784e-01	6.378661e-01	6.378728e-01	6.378761e-01	6.378787e-01	6.378812e-01	6.378839e-01	6.378839e-01	6.376471e-01	6.290511e-01	
3.589349e-01	3.574369e-01	3.570115e-01	3.577573e-01	3.583198e-01	3.587810e-01	3.592135e-01	3.596858e-01	3.602726e-01	3.609455e-01	6.266965e-01	
3.488274e-01	3.431128e-01	3.427399e-01	3.449815e-01	3.466627e-01	3.480409e-01	3.493336e-01	3.507453e-01	3.525040e-01	3.548547e-01	6.227289e-01	
6.021641e-01	5.840425e-01	5.878441e-01	5.931052e-01	5.970276e-01	6.002429e-01	6.032586e-01	6.065521e-01	6.106569e-01	6.162602e-01	6.203740e-01	
3.373917e-01	5.817305e-01	3.332338e-01	3.347585e-01	3.359424e-01	3.369381e-01	3.378695e-01	3.388551e-01	3.400270e-01	3.415485e-01	3.416240e-01	
3.247020e-01	5.778341e-01	3.285618e-01	3.271216e-01	3.261945e-01	3.255103e-01	3.248610e-01	3.240572e-01	3.228861e-01	3.210686e-01	3.206661e-01	
5.576620e-01	5.755214e-01	5.714583e-01	5.663371e-01	5.628652e-01	5.601959e-01	5.576745e-01	5.546998e-01	5.505970e-01	5.444754e-01	5.396781e-01	
3.118406e-01	3.158977e-01	3.157838e-01	3.144918e-01	3.136158e-01	3.129226e-01	3.122269e-01	3.113565e-01	3.101169e-01	3.082491e-01	5.372748e-01	
2.988886e-01	2.945990e-01	2.949555e-01	2.969126e-01	2.982491e-01	2.992179e-01	3.000103e-01	3.007961e-01	3.017625e-01	3.031568e-01	5.332246e-01	
5.122394e-01	4.935718e-01	4.984527e-01	5.047413e-01	5.090196e-01	5.121715e-01	5.148624e-01	5.176888e-01	5.213132e-01	5.266141e-01	5.308206e-01	
2.856726e-01	4.910875e-01	2.818797e-01	2.837835e-01	2.850753e-01	2.860065e-01	2.867640e-01	2.875150e-01	2.884451e-01	2.897969e-01	2.899091e-01	
2.722764e-01	4.869011e-01	2.766247e-01	2.751486e-01	2.741385e-01	2.733329e-01	2.725326e-01	2.715580e-01	2.702091e-01	2.682267e-01	2.678692e-01	
4.652585e-01	4.844164e-01	4.800207e-01	4.744740e-01	4.706894e-01	4.677577e-01	4.649919e-01	4.617738e-01	4.574157e-01	4.510076e-01	4.460273e-01	
2.586502e-01	2.630198e-01	2.628811e-01	2.614345e-01	2.604430e-01	2.596544e-01	2.588749e-01	2.579302e-01	2.566263e-01	2.547044e-01	4.434731e-01	
2.448800e-01	2.403650e-01	2.407085e-01	2.426864e-01	2.440342e-01	2.450162e-01	2.458360e-01	2.466767e-01	2.477416e-01	2.492989e-01	4.391689e-01	
4.169655e-01	3.972573e-01	4.023016e-01	4.087815e-01	4.131905e-01	4.164610e-01	4.192974e-01	4.223331e-01	4.262723e-01	4.320475e-01	4.366143e-01	
2.309124e-01	3.946460e-01	2.268246e-01	2.287482e-01	2.300545e-01	2.310091e-01	2.318109e-01	2.326391e-01	2.336928e-01	2.352315e-01	2.353963e-01	
2.168348e-01	3.902458e-01	2.212986e-01	2.196653e-01	2.185497e-01	2.176787e-01	2.168453e-01	2.158633e-01	2.145258e-01	2.125637e-01	2.122356e-01	
3.675939e-01	3.876342e-01	3.829186e-01	3.769429e-01	3.728684e-01	3.697444e-01	3.668527e-01	3.635475e-01	3.591107e-01	3.525916e-01	3.475079e-01	
2.025946e-01	2.071698e-01	2.069797e-01	2.053564e-01	2.042458e-01	2.033824e-01	2.025628e-01	2.016038e-01	2.003019e-01	1.983860e-01	3.448526e-01	
1.882800e-01	1.836192e-01	1.839305e-01	1.858675e-01	1.871886e-01	1.881660e-01	1.890091e-01	1.899062e-01	1.910667e-01	1.927673e-01	3.403782e-01	
3.173904e-01	2.970258e-01	3.021247e-01	3.086522e-01	3.130959e-01	3.164201e-01	3.193529e-01	3.225494e-01	3.267380e-01	3.328829e-01	3.377227e-01	
1.738376e-01	2.943396e-01	1.695298e-01	1.714294e-01	1.727213e-01	1.736806e-01	1.745142e-01	1.754082e-01	1.765694e-01	1.782676e-01	1.784817e-01	
1.593563e-01	2.898131e-01	1.638460e-01	1.620878e-01	1.608895e-01	1.599718e-01	1.591236e-01	1.581551e-01	1.568555e-01	1.549507e-01	1.546568e-01	
2.666011e-01	2.871267e-01	2.821872e-01	2.759059e-01	2.716266e-01	2.683756e-01	2.654172e-01	2.620896e-01	2.576579e-01	2.511493e-01	2.460573e-01	
1.447800e-01	1.494690e-01	1.492324e-01	1.474709e-01	1.462687e-01	1.453521e-01	1.445110e-01	1.435562e-01	1.422782e-01	1.403994e-01	2.433529e-01	
1.301975e-01	1.254771e-01	1.257533e-01	1.276237e-01	1.289038e-01	1.298666e-01	1.307214e-01	1.316565e-01	1.328827e-01	1.346808e-01	2.387958e-01	
2.154563e-01	1.948160e-01	1.998838e-01	2.063576e-01	2.107741e-01	2.141066e-01	2.170889e-01	2.203816e-01	2.247221e-01	2.310897e-01	2.360913e-01	
1.155563e-01	1.921040e-01	1.111083e-01	1.129657e-01	1.142436e-01	1.152132e-01	1.160775e-01	1.170206e-01	1.182503e-01	1.200423e-01	1.202837e-01	
1.009445e-01	1.875341e-01	1.053628e-01	1.035411e-01	1.023324e-01	1.014359e-01	1.006235e-01	9.969261e-02	9.842523e-02	9.654813e-02	9.625604e-02	
1.642078e-01	1.848221e-01	1.797293e-01	1.733194e-01	1.690250e-01	1.658208e-01	1.629294e-01	1.596576e-01	1.552504e-01	1.487321e-01	1.436315e-01	
8.615663e-02	9.075599e-02	9.044796e-02	8.875492e-02	8.767712e-02	8.689863e-02	8.617834e-02	8.530024e-02	8.402541e-02	8.203929e-02	1.409227e-01	
7.127965e-02	6.617454e-02	6.642727e-02	6.865045e-02	7.032090e-02	7.164429e-02	7.278499e-02	7.388652e-02	7.509437e-02	7.658059e-02	1.363585e-01	
1.120293e-01	9.015818e-02	9.552362e-02	1.028673e-01	1.082010e-01	1.123604e-01	1.159886e-01	1.196521e-01	1.239426e-01	1.295850e-01	1.336498e-01	
5.776938e-02	8.728504e-02	5.071354e-02	5.381246e-02	5.609733e-02	5.787963e-02	5.943439e-02	6.100434e-02	6.284300e-02	6.524516e-02	6.463722e-02	
4.570884e-02	8.244360e-02	4.335640e-02	4.428586e-02	4.504856e-02	4.564448e-02	4.616434e-02	4.668931e-02	4.730414e-02	4.810198e-02	4.753522e-02	
6.969820e-02	7.956990e-02	6.968833e-02	6.947379e-02	6.947478e-02	6.947745e-02	6.947981e-02	6.948219e-02	6.948499e-02	6.949020e-02	6.956478e-02	
