2.050959e-01	2.051291e-01	2.051497e-01	2.051512e-01	2.051520e-01	2.051526e-01	2.051532e-01	2.051538e-01	2.051538e-01	2.050984e-01	2.030851e-01	
1.158620e-01	1.155114e-01	1.154124e-01	1.155881e-01	1.157204e-01	1.158287e-01	1.159298e-01	1.160400e-01	1.161767e-01	1.163332e-01	2.025336e-01	
1.134947e-01	1.121561e-01	1.120708e-01	1.125991e-01	1.129950e-01	1.133186e-01	1.136212e-01	1.139506e-01	1.143604e-01	1.149082e-01	2.016044e-01	
1.967847e-01	1.925361e-01	1.934329e-01	1.946737e-01	1.955978e-01	1.963533e-01	1.970596e-01	1.978287e-01	1.987858e-01	2.000925e-01	2.010528e-01	
1.108155e-01	1.919934e-01	1.098460e-01	1.102081e-01	1.104885e-01	1.107231e-01	1.109408e-01	1.111694e-01	1.114400e-01	1.117909e-01	1.118067e-01	
1.078375e-01	1.910789e-01	1.087508e-01	1.084189e-01	1.082054e-01	1.080467e-01	1.078937e-01	1.077019e-01	1.074213e-01	1.069861e-01	1.068880e-01	
1.863369e-01	1.905361e-01	1.895899e-01	1.884000e-01	1.875933e-01	1.869707e-01	1.863779e-01	1.856736e-01	1.846991e-01	1.832445e-01	1.821060e-01	
1.048149e-01	1.057679e-01	1.057451e-01	1.054519e-01	1.052531e-01	1.050939e-01	1.049308e-01	1.047236e-01	1.044265e-01	1.039787e-01	1.815395e-01	
1.017622e-01	1.007476e-01	1.008374e-01	1.013126e-01	1.016368e-01	1.018700e-01	1.020576e-01	1.022398e-01	1.024611e-01	1.027800e-01	1.805849e-01	
1.756269e-01	1.712114e-01	1.723812e-01	1.738907e-01	1.749170e-01	1.756693e-01	1.763051e-01	1.769655e-01	1.778073e-01	1.790384e-01	1.800183e-01	
9.863971e-02	1.706222e-01	9.775529e-02	9.821802e-02	9.853165e-02	9.875556e-02	9.893379e-02	9.910573e-02	9.931510e-02	9.961917e-02	9.963977e-02	
9.546244e-02	1.696293e-01	9.651044e-02	9.617376e-02	9.594311e-02	9.575606e-02	9.556499e-02	9.532696e-02	9.499418e-02	9.450471e-02	9.441211e-02	
1.644800e-01	1.690399e-01	1.680131e-01	1.667223e-01	1.658414e-01	1.651537e-01	1.644954e-01	1.637193e-01	1.626613e-01	1.611046e-01	1.598975e-01	
9.221957e-02	9.325826e-02	9.323320e-02	9.290922e-02	9.268696e-02	9.250651e-02	9.232193e-02	9.209190e-02	9.177044e-02	9.129598e-02	1.592867e-01	
8.892676e-02	8.784059e-02	8.793263e-02	8.843034e-02	8.876911e-02	8.901278e-02	8.921048e-02	8.940640e-02	8.964967e-02	9.000491e-02	1.582574e-01	
1.529276e-01	1.481880e-01	1.494268e-01	1.510227e-01	1.521077e-01	1.529061e-01	1.535874e-01	1.543038e-01	1.552247e-01	1.565744e-01	1.576465e-01	
8.557220e-02	1.475573e-01	8.460968e-02	8.509291e-02	8.542056e-02	8.565630e-02	8.584773e-02	8.603766e-02	8.627367e-02	8.661792e-02	8.664752e-02	
8.217208e-02	1.464945e-01	8.327653e-02	8.290294e-02	8.264733e-02	8.244313e-02	8.223978e-02	8.199178e-02	8.164857e-02	8.114450e-02	8.105326e-02	
1.409988e-01	1.458637e-01	1.447489e-01	1.433433e-01	1.423846e-01	1.416414e-01	1.409393e-01	1.401212e-01	1.390124e-01	1.373820e-01	1.361150e-01	
7.871462e-02	7.982355e-02	7.978938e-02	7.942559e-02	7.917634e-02	7.897746e-02	7.877980e-02	7.853916e-02	7.820639e-02	7.771581e-02	1.354661e-01	
7.521647e-02	7.406801e-02	7.415817e-02	7.466717e-02	7.501384e-02	7.526552e-02	7.547404e-02	7.568602e-02	7.595330e-02	7.634424e-02	1.343726e-01	
1.287260e-01	1.237113e-01	1.250031e-01	1.266637e-01	1.277932e-01	1.286288e-01	1.293500e-01	1.301179e-01	1.311118e-01	1.325693e-01	1.337236e-01	
7.166553e-02	1.230460e-01	7.063316e-02	7.112980e-02	7.146688e-02	7.171187e-02	7.191528e-02	7.212257e-02	7.238431e-02	7.276651e-02	7.280510e-02	
6.807888e-02	1.219249e-01	6.922689e-02	6.881983e-02	6.854182e-02	6.832287e-02	6.810990e-02	6.785523e-02	6.750585e-02	6.699299e-02	6.690399e-02	
1.161427e-01	1.212595e-01	1.200687e-01	1.185636e-01	1.175377e-01	1.167477e-01	1.160098e-01	1.151589e-01	1.140114e-01	1.123244e-01	1.110109e-01	
6.444361e-02	6.561040e-02	6.556746e-02	6.516850e-02	6.489580e-02	6.468149e-02	6.447348e-02	6.422497e-02	6.388406e-02	6.338171e-02	1.103309e-01	
6.077717e-02	5.957786e-02	5.966555e-02	6.018235e-02	6.053534e-02	6.079425e-02	6.101252e-02	6.123829e-02	6.152540e-02	6.194537e-02	1.091851e-01	
1.032795e-01	9.804059e-02	9.937366e-02	1.010857e-01	1.022523e-01	1.031205e-01	1.038763e-01	1.046874e-01	1.057406e-01	1.072845e-01	1.085051e-01	
5.706750e-02	9.734729e-02	5.597438e-02	5.648272e-02	5.683140e-02	5.708885e-02	5.730611e-02	5.752932e-02	5.781068e-02	5.821952e-02	5.826250e-02	
5.333237e-02	9.617900e-02	5.450668e-02	5.407619e-02	5.379055e-02	5.357189e-02	5.336087e-02	5.310472e-02	5.274656e-02	5.221520e-02	5.212020e-02	
9.017515e-02	9.548561e-02	9.422361e-02	9.264693e-02	9.159084e-02	9.079070e-02	9.004583e-02	8.917712e-02	8.798934e-02	8.623028e-02	8.486125e-02	
4.951958e-02	5.070090e-02	5.064040e-02	5.025229e-02	5.000717e-02	4.982418e-02	4.964164e-02	4.940401e-02	4.904967e-02	4.849690e-02	8.415624e-02	
4.564710e-02	4.430104e-02	4.438660e-02	4.501782e-02	4.548801e-02	4.585244e-02	4.615509e-02	4.643390e-02	4.672680e-02	4.707775e-02	8.296823e-02	
7.658921e-02	7.083237e-02	7.229431e-02	7.429850e-02	7.574912e-02	7.686732e-02	7.782275e-02	7.876379e-02	7.984416e-02	8.125101e-02	8.226315e-02	
4.210970e-02	7.007087e-02	4.027461e-02	4.112077e-02	4.174192e-02	4.222085e-02	4.263008e-02	4.303315e-02	4.349591e-02	4.409437e-02	4.391668e-02	
3.892529e-02	6.878761e-02	3.831370e-02	3.856853e-02	3.877581e-02	3.893588e-02	3.907267e-02	3.920740e-02	3.936207e-02	3.956070e-02	3.940691e-02	
6.540915e-02	6.802586e-02	6.540659e-02	6.534976e-02	6.535005e-02	6.535077e-02	6.535139e-02	6.535200e-02	6.535270e-02	6.535403e-02	6.537379e-02	
