9.695196e-01	9.702921e-01	9.707674e-01	9.707950e-01	9.708074e-01	9.708196e-01	9.708341e-01	9.708525e-01	9.708585e-01	9.695741e-01	9.226570e-01	
5.264575e-01	5.179800e-01	5.148756e-01	5.174112e-01	5.195218e-01	5.216424e-01	5.241518e-01	5.273876e-01	5.316932e-01	5.367964e-01	9.098045e-01	
4.714256e-01	4.404323e-01	4.359242e-01	4.436256e-01	4.499391e-01	4.561953e-01	4.635012e-01	4.728486e-01	4.852789e-01	5.018071e-01	8.881498e-01	
7.797157e-01	6.856927e-01	6.989793e-01	7.172158e-01	7.319269e-01	7.462823e-01	7.627954e-01	7.837309e-01	8.114914e-01	8.490558e-01	8.752987e-01	
4.105705e-01	6.743763e-01	3.824789e-01	3.844577e-01	3.868372e-01	3.904977e-01	3.961474e-01	4.043810e-01	4.157724e-01	4.309398e-01	4.335690e-01	
3.482187e-01	6.553139e-01	3.586718e-01	3.445586e-01	3.352910e-01	3.298664e-01	3.274829e-01	3.273090e-01	3.283151e-01	3.290862e-01	3.307356e-01	
5.641168e-01	6.440050e-01	6.166940e-01	5.794592e-01	5.540251e-01	5.370620e-01	5.258561e-01	5.177383e-01	5.095642e-01	4.971399e-01	4.856071e-01	
2.899678e-01	3.086607e-01	3.043103e-01	2.882034e-01	2.771700e-01	2.702901e-01	2.667328e-01	2.656232e-01	2.658829e-01	2.661136e-01	4.761077e-01	
2.387694e-01	2.246048e-01	2.216450e-01	2.176943e-01	2.149926e-01	2.144832e-01	2.168047e-01	2.224341e-01	2.318099e-01	2.455334e-01	4.601114e-01	
3.858896e-01	3.232186e-01	3.290108e-01	3.340265e-01	3.374773e-01	3.426295e-01	3.518779e-01	3.672485e-01	3.908585e-01	4.254329e-01	4.506245e-01	
1.932708e-01	3.159962e-01	1.722746e-01	1.698668e-01	1.683075e-01	1.686533e-01	1.717113e-01	1.781399e-01	1.885985e-01	2.038769e-01	2.084245e-01	
1.542855e-01	3.038382e-01	1.572034e-01	1.453346e-01	1.373755e-01	1.328390e-01	1.313810e-01	1.326446e-01	1.361776e-01	1.413298e-01	1.442923e-01	
2.489955e-01	2.966298e-01	2.759370e-01	2.475528e-01	2.283809e-01	2.163072e-01	2.097029e-01	2.070378e-01	2.065330e-01	2.057758e-01	2.034450e-01	
1.215291e-01	1.326036e-01	1.285677e-01	1.160473e-01	1.075786e-01	1.025115e-01	1.003156e-01	1.004838e-01	1.024192e-01	1.053612e-01	1.983940e-01	
9.429225e-02	8.773160e-02	8.524414e-02	8.048974e-02	7.727423e-02	7.598575e-02	7.689274e-02	8.021899e-02	8.619893e-02	9.519375e-02	1.898938e-01	
1.523961e-01	1.217158e-01	1.222121e-01	1.211177e-01	1.203781e-01	1.216123e-01	1.260166e-01	1.346426e-01	1.486453e-01	1.695578e-01	1.848554e-01	
7.253060e-02	1.184271e-01	6.120981e-02	5.863135e-02	5.694268e-02	5.663518e-02	5.810331e-02	6.169694e-02	6.780336e-02	7.691664e-02	8.002261e-02	
5.482179e-02	1.128941e-01	5.483428e-02	4.866834e-02	4.460679e-02	4.239159e-02	4.186558e-02	4.289431e-02	4.533200e-02	4.897266e-02	5.079443e-02	
8.892009e-02	1.096154e-01	9.923301e-02	8.511460e-02	7.574129e-02	7.006615e-02	6.731820e-02	6.682024e-02	6.782440e-02	6.932614e-02	6.956992e-02	
4.130413e-02	4.604362e-02	4.388864e-02	3.783642e-02	3.381774e-02	3.148349e-02	3.056970e-02	3.085106e-02	3.208638e-02	3.398388e-02	6.755459e-02	
3.047681e-02	2.813780e-02	2.692794e-02	2.445695e-02	2.281822e-02	2.210868e-02	2.240017e-02	2.376912e-02	2.631648e-02	3.021719e-02	6.416477e-02	
4.968692e-02	3.814417e-02	3.772516e-02	3.644247e-02	3.559292e-02	3.576016e-02	3.738326e-02	4.087357e-02	4.671753e-02	5.559072e-02	6.215645e-02	
2.254580e-02	3.697092e-02	1.811202e-02	1.686562e-02	1.605993e-02	1.585645e-02	1.639334e-02	1.780692e-02	2.026577e-02	2.400027e-02	2.537846e-02	
1.626131e-02	3.499793e-02	1.599539e-02	1.368457e-02	1.218782e-02	1.139284e-02	1.123743e-02	1.167983e-02	1.268758e-02	1.422052e-02	1.496351e-02	
2.666449e-02	3.382926e-02	2.991737e-02	2.466610e-02	2.123357e-02	1.920557e-02	1.829001e-02	1.824881e-02	1.883671e-02	1.973184e-02	2.009081e-02	
1.182419e-02	1.343779e-02	1.261406e-02	1.044800e-02	9.032975e-03	8.226134e-03	7.925816e-03	8.053676e-03	8.534594e-03	9.283897e-03	1.943536e-02	
8.325920e-03	7.627460e-03	7.202835e-03	6.324642e-03	5.751862e-03	5.499198e-03	5.580514e-03	6.018134e-03	6.848955e-03	8.141490e-03	1.833335e-02	
1.370650e-02	1.008257e-02	9.854901e-03	9.324060e-03	8.977796e-03	8.988155e-03	9.487778e-03	1.060971e-02	1.252241e-02	1.546914e-02	1.768069e-02	
5.928613e-03	9.724398e-03	4.543345e-03	4.133097e-03	3.871698e-03	3.802153e-03	3.963833e-03	4.399833e-03	5.168331e-03	6.353007e-03	6.814514e-03	
4.025206e-03	9.122241e-03	3.939926e-03	3.259034e-03	2.824919e-03	2.596973e-03	2.553366e-03	2.681481e-03	2.974431e-03	3.426012e-03	3.645927e-03	
6.574811e-03	8.765638e-03	7.576700e-03	6.010337e-03	5.001657e-03	4.410241e-03	4.139878e-03	4.115809e-03	4.264693e-03	4.492051e-03	4.572716e-03	
2.730467e-03	3.207386e-03	2.969592e-03	2.373476e-03	1.990753e-03	1.774443e-03	1.692368e-03	1.720913e-03	1.838546e-03	2.021121e-03	4.370081e-03	
1.649498e-03	1.399273e-03	1.312697e-03	1.155237e-03	1.057110e-03	1.024097e-03	1.061766e-03	1.177872e-03	1.384030e-03	1.700147e-03	4.029317e-03	
2.475203e-03	1.187682e-03	1.286688e-03	1.368908e-03	1.430205e-03	1.530403e-03	1.715106e-03	2.027876e-03	2.520788e-03	3.265969e-03	3.827450e-03	
9.318110e-04	1.041445e-03	4.873927e-04	5.112563e-04	5.310854e-04	5.667023e-04	6.350221e-04	7.524067e-04	9.386551e-04	1.220601e-03	1.293160e-03	
3.239001e-04	7.951993e-04	1.917688e-04	1.926931e-04	1.977721e-04	2.079082e-04	2.280482e-04	2.630790e-04	3.189783e-04	4.036425e-04	4.046611e-04	
1.472318e-04	6.491107e-04	1.466744e-04	1.355612e-04	1.354591e-04	1.355038e-04	1.355951e-04	1.357538e-04	1.360078e-04	1.364711e-04	1.403671e-04	
