5.640496e-01	5.641682e-01	5.642414e-01	5.642470e-01	5.642497e-01	5.642520e-01	5.642540e-01	5.642563e-01	5.642562e-01	5.640585e-01	5.568812e-01	
3.177450e-01	3.164944e-01	3.161397e-01	3.167632e-01	3.172333e-01	3.176185e-01	3.179795e-01	3.183736e-01	3.188630e-01	3.194241e-01	5.549152e-01	
3.093056e-01	3.045341e-01	3.042242e-01	3.060983e-01	3.075036e-01	3.086550e-01	3.097342e-01	3.109120e-01	3.123789e-01	3.143395e-01	5.516025e-01	
5.344293e-01	5.192954e-01	5.224743e-01	5.268735e-01	5.301525e-01	5.328390e-01	5.353570e-01	5.381053e-01	5.415294e-01	5.462037e-01	5.496362e-01	
2.997567e-01	5.173641e-01	2.962882e-01	2.975650e-01	2.985558e-01	2.993882e-01	3.001656e-01	3.009869e-01	3.019625e-01	3.032287e-01	3.032904e-01	
2.891568e-01	5.141093e-01	2.923865e-01	2.911881e-01	2.904167e-01	2.898465e-01	2.893037e-01	2.886300e-01	2.876474e-01	2.861228e-01	2.857840e-01	
4.972535e-01	5.121775e-01	5.087889e-01	5.045199e-01	5.016258e-01	4.993989e-01	4.972920e-01	4.948026e-01	4.913669e-01	4.862403e-01	4.822238e-01	
2.784105e-01	2.818001e-01	2.817079e-01	2.806360e-01	2.799092e-01	2.793327e-01	2.787518e-01	2.780225e-01	2.769825e-01	2.754154e-01	4.802145e-01	
2.675820e-01	2.639931e-01	2.642954e-01	2.659417e-01	2.670659e-01	2.678794e-01	2.685425e-01	2.691972e-01	2.700005e-01	2.711591e-01	4.768283e-01	
4.592751e-01	4.436567e-01	4.477513e-01	4.530288e-01	4.566187e-01	4.592606e-01	4.615115e-01	4.638704e-01	4.668915e-01	4.713100e-01	4.748184e-01	
2.565272e-01	4.415770e-01	2.533630e-01	2.549649e-01	2.560516e-01	2.568333e-01	2.574664e-01	2.580906e-01	2.588610e-01	2.599807e-01	2.600702e-01	
2.453129e-01	4.380724e-01	2.489650e-01	2.477389e-01	2.468998e-01	2.462283e-01	2.455574e-01	2.447366e-01	2.435982e-01	2.419248e-01	2.416199e-01	
4.199434e-01	4.359924e-01	4.323239e-01	4.276983e-01	4.245420e-01	4.220932e-01	4.197763e-01	4.170731e-01	4.134075e-01	4.080169e-01	4.038294e-01	
2.338981e-01	2.375577e-01	2.374472e-01	2.362497e-01	2.354289e-01	2.347734e-01	2.341211e-01	2.333260e-01	2.322258e-01	2.306036e-01	4.016877e-01	
2.223517e-01	2.185613e-01	2.188562e-01	2.205321e-01	2.216738e-01	2.225034e-01	2.231920e-01	2.238934e-01	2.247783e-01	2.260721e-01	3.980786e-01	
3.794467e-01	3.629026e-01	3.671548e-01	3.726204e-01	3.763388e-01	3.790926e-01	3.814730e-01	3.840119e-01	3.873003e-01	3.921211e-01	3.959365e-01	
2.106295e-01	3.607087e-01	2.072121e-01	2.088412e-01	2.099472e-01	2.107528e-01	2.114250e-01	2.121138e-01	2.129863e-01	2.142601e-01	2.143915e-01	
1.988019e-01	3.570116e-01	2.025703e-01	2.012123e-01	2.002844e-01	1.995569e-01	1.988552e-01	1.980228e-01	1.968852e-01	1.952162e-01	1.949324e-01	
3.379635e-01	3.548174e-01	3.508719e-01	3.458769e-01	3.424707e-01	3.398536e-01	3.374216e-01	3.346312e-01	3.308784e-01	3.253635e-01	3.210659e-01	
1.868252e-01	1.906719e-01	1.905201e-01	1.891753e-01	1.882549e-01	1.875360e-01	1.868475e-01	1.860357e-01	1.849295e-01	1.833011e-01	3.188299e-01	
1.747710e-01	1.708399e-01	1.711113e-01	1.727660e-01	1.738943e-01	1.747259e-01	1.754376e-01	1.761882e-01	1.771547e-01	1.785704e-01	3.150621e-01	
2.956852e-01	2.785114e-01	2.828350e-01	2.883746e-01	2.921452e-01	2.949597e-01	2.974324e-01	3.001155e-01	3.036233e-01	3.087689e-01	3.128258e-01	
1.625948e-01	2.762436e-01	1.589803e-01	1.606011e-01	1.617029e-01	1.625177e-01	1.632195e-01	1.639650e-01	1.649286e-01	1.663374e-01	1.665087e-01	
1.503689e-01	2.724221e-01	1.541825e-01	1.527163e-01	1.517166e-01	1.509472e-01	1.502292e-01	1.494020e-01	1.482872e-01	1.466528e-01	1.463944e-01	
2.528044e-01	2.701540e-01	2.660046e-01	2.607337e-01	2.571424e-01	2.544073e-01	2.519064e-01	2.490801e-01	2.453070e-01	2.397647e-01	2.354327e-01	
1.380467e-01	1.420090e-01	1.418191e-01	1.403553e-01	1.393561e-01	1.385902e-01	1.378802e-01	1.370665e-01	1.359722e-01	1.343627e-01	2.331431e-01	
1.257009e-01	1.216968e-01	1.219418e-01	1.235541e-01	1.246571e-01	1.254827e-01	1.262085e-01	1.269944e-01	1.280194e-01	1.295219e-01	2.292850e-01	
2.095024e-01	1.919977e-01	1.963241e-01	2.018565e-01	2.056300e-01	2.084699e-01	2.109986e-01	2.137760e-01	2.174274e-01	2.227834e-01	2.269953e-01	
1.132875e-01	1.896947e-01	1.095369e-01	1.111346e-01	1.122332e-01	1.130624e-01	1.137941e-01	1.145842e-01	1.156085e-01	1.171003e-01	1.172939e-01	
1.008794e-01	1.858140e-01	1.046583e-01	1.031324e-01	1.021199e-01	1.013648e-01	1.006729e-01	9.987149e-02	9.877480e-02	9.715003e-02	9.688992e-02	
1.659814e-01	1.835109e-01	1.792098e-01	1.738032e-01	1.701812e-01	1.674714e-01	1.650125e-01	1.622150e-01	1.584362e-01	1.528461e-01	1.484763e-01	
8.830214e-02	9.221128e-02	9.196046e-02	9.054898e-02	8.965157e-02	8.899988e-02	8.838910e-02	8.763563e-02	8.653625e-02	8.482311e-02	1.461687e-01	
7.562776e-02	7.126853e-02	7.149522e-02	7.341970e-02	7.486338e-02	7.600246e-02	7.697763e-02	7.791149e-02	7.892803e-02	8.017338e-02	1.422803e-01	
1.215266e-01	1.028571e-01	1.074655e-01	1.137751e-01	1.183550e-01	1.219191e-01	1.250165e-01	1.281304e-01	1.317647e-01	1.365361e-01	1.399726e-01	
6.410543e-02	1.004015e-01	5.809494e-02	6.075781e-02	6.271967e-02	6.424680e-02	6.557404e-02	6.690839e-02	6.846574e-02	7.049685e-02	6.996767e-02	
5.380455e-02	9.626372e-02	5.180071e-02	5.260001e-02	5.325487e-02	5.376545e-02	5.420922e-02	5.465539e-02	5.517612e-02	5.585065e-02	5.536416e-02	
8.537053e-02	9.380763e-02	8.536213e-02	8.517879e-02	8.517964e-02	8.518193e-02	8.518394e-02	8.518597e-02	8.518834e-02	8.519276e-02	8.525650e-02	
