8.098135e-01	8.100575e-01	8.102082e-01	8.102194e-01	8.102248e-01	8.102293e-01	8.102337e-01	8.102384e-01	8.102385e-01	8.098316e-01	7.950535e-01	
4.537151e-01	4.511289e-01	4.503702e-01	4.516042e-01	4.525423e-01	4.533238e-01	4.540730e-01	4.549063e-01	4.559507e-01	4.571545e-01	7.910054e-01	
4.363389e-01	4.265223e-01	4.257914e-01	4.294914e-01	4.322876e-01	4.346167e-01	4.368484e-01	4.393306e-01	4.424495e-01	4.466176e-01	7.841843e-01	
7.489720e-01	7.180086e-01	7.242604e-01	7.329185e-01	7.394205e-01	7.448345e-01	7.500207e-01	7.557870e-01	7.630347e-01	7.729216e-01	7.801359e-01	
4.167223e-01	7.140839e-01	4.093767e-01	4.117729e-01	4.136661e-01	4.153168e-01	4.169375e-01	4.187309e-01	4.209217e-01	4.237859e-01	4.239994e-01	
3.951694e-01	7.074701e-01	4.013941e-01	3.986749e-01	3.969189e-01	3.956760e-01	3.946005e-01	3.933760e-01	3.916457e-01	3.889416e-01	3.884133e-01	
6.735536e-01	7.035448e-01	6.963265e-01	6.871143e-01	6.808632e-01	6.761652e-01	6.719279e-01	6.671450e-01	6.606854e-01	6.510578e-01	6.434522e-01	
3.735154e-01	3.803641e-01	3.800026e-01	3.773767e-01	3.755954e-01	3.742664e-01	3.730751e-01	3.717278e-01	3.698920e-01	3.671284e-01	6.394742e-01	
3.520771e-01	3.451220e-01	3.454769e-01	3.481322e-01	3.499542e-01	3.513497e-01	3.526257e-01	3.540528e-01	3.559277e-01	3.586445e-01	6.327709e-01	
5.985155e-01	5.682434e-01	5.755472e-01	5.848488e-01	5.911962e-01	5.960239e-01	6.004120e-01	6.053265e-01	6.118373e-01	6.213598e-01	6.287927e-01	
3.305252e-01	5.642794e-01	3.238657e-01	3.264465e-01	3.282089e-01	3.295670e-01	3.308322e-01	3.322816e-01	3.342207e-01	3.370467e-01	3.374685e-01	
3.091491e-01	5.576001e-01	3.154372e-01	3.125591e-01	3.105990e-01	3.091572e-01	3.079315e-01	3.066477e-01	3.049989e-01	3.025848e-01	3.023087e-01	
5.236675e-01	5.536363e-01	5.460318e-01	5.362508e-01	5.295816e-01	5.246182e-01	5.202952e-01	5.156505e-01	5.096116e-01	5.007581e-01	4.937654e-01	
2.878452e-01	2.947211e-01	2.942107e-01	2.911976e-01	2.891386e-01	2.876366e-01	2.863842e-01	2.851027e-01	2.834807e-01	2.811069e-01	4.898732e-01	
2.668631e-01	2.602075e-01	2.603963e-01	2.625461e-01	2.640178e-01	2.651994e-01	2.663871e-01	2.678457e-01	2.698672e-01	2.728402e-01	4.833153e-01	
4.501634e-01	4.210190e-01	4.276379e-01	4.359701e-01	4.416559e-01	4.460827e-01	4.502976e-01	4.552393e-01	4.619475e-01	4.717952e-01	4.794237e-01	
2.461042e-01	4.172462e-01	2.394029e-01	2.415668e-01	2.430483e-01	2.442500e-01	2.454775e-01	2.470040e-01	2.491307e-01	2.522469e-01	2.528197e-01	
2.257674e-01	4.108897e-01	2.314059e-01	2.284101e-01	2.263769e-01	2.249323e-01	2.237959e-01	2.227140e-01	2.214020e-01	2.194866e-01	2.193641e-01	
3.788781e-01	4.071178e-01	3.996027e-01	3.898773e-01	3.832588e-01	3.784211e-01	3.743602e-01	3.701698e-01	3.648384e-01	3.570249e-01	3.507873e-01	
2.057683e-01	2.122488e-01	2.116418e-01	2.085122e-01	2.063788e-01	2.048648e-01	2.036783e-01	2.025548e-01	2.011982e-01	1.992186e-01	3.471658e-01	
1.862488e-01	1.801344e-01	1.802146e-01	1.819451e-01	1.831309e-01	1.841284e-01	1.852089e-01	1.866146e-01	1.886123e-01	1.915597e-01	3.410645e-01	
3.104129e-01	2.835467e-01	2.894296e-01	2.967734e-01	3.017828e-01	3.057436e-01	3.096248e-01	3.142945e-01	3.207148e-01	3.301569e-01	3.374441e-01	
1.671373e-01	2.800919e-01	1.608279e-01	1.626631e-01	1.639213e-01	1.649762e-01	1.661118e-01	1.675816e-01	1.696656e-01	1.727256e-01	1.733374e-01	
1.485170e-01	2.742714e-01	1.535389e-01	1.507000e-01	1.487782e-01	1.474322e-01	1.464073e-01	1.454730e-01	1.443714e-01	1.427633e-01	1.426993e-01	
2.450563e-01	2.708176e-01	2.638405e-01	2.548023e-01	2.486623e-01	2.442053e-01	2.405126e-01	2.367550e-01	2.320082e-01	2.250454e-01	2.194602e-01	
1.303269e-01	1.362295e-01	1.356391e-01	1.327197e-01	1.307344e-01	1.293370e-01	1.282594e-01	1.272590e-01	1.260649e-01	1.243215e-01	2.161708e-01	
1.125953e-01	1.070500e-01	1.071229e-01	1.086814e-01	1.097516e-01	1.106551e-01	1.116355e-01	1.129110e-01	1.147239e-01	1.174011e-01	2.106289e-01	
1.827764e-01	1.583625e-01	1.637326e-01	1.704405e-01	1.750179e-01	1.786317e-01	1.821590e-01	1.863867e-01	1.921905e-01	2.007333e-01	2.073405e-01	
9.527655e-02	1.552204e-01	8.958454e-02	9.129699e-02	9.248264e-02	9.347128e-02	9.451227e-02	9.582985e-02	9.767560e-02	1.003804e-01	1.009103e-01	
7.835187e-02	1.499268e-01	8.297646e-02	8.049578e-02	7.885079e-02	7.770523e-02	7.680700e-02	7.593146e-02	7.483502e-02	7.320912e-02	7.306923e-02	
1.232945e-01	1.467857e-01	1.405024e-01	1.324928e-01	1.271317e-01	1.232527e-01	1.199728e-01	1.165032e-01	1.119816e-01	1.052883e-01	9.995921e-02	
6.162102e-02	6.686825e-02	6.634896e-02	6.401824e-02	6.251669e-02	6.148472e-02	6.064743e-02	5.975798e-02	5.854216e-02	5.663987e-02	9.693531e-02	
4.502757e-02	3.944411e-02	3.961399e-02	4.174501e-02	4.336193e-02	4.469304e-02	4.591960e-02	4.719950e-02	4.869274e-02	5.059134e-02	9.184058e-02	
6.495017e-02	4.087805e-02	4.654432e-02	5.423794e-02	5.982666e-02	6.424615e-02	6.821519e-02	7.236647e-02	7.736218e-02	8.401697e-02	8.881736e-02	
3.017038e-02	3.774101e-02	2.233586e-02	2.556193e-02	2.794293e-02	2.982681e-02	3.151969e-02	3.329156e-02	3.542495e-02	3.824997e-02	3.769540e-02	
1.698357e-02	3.245511e-02	1.438059e-02	1.533787e-02	1.612906e-02	1.675626e-02	1.732016e-02	1.791071e-02	1.862205e-02	1.955820e-02	1.897080e-02	
1.854006e-02	2.931770e-02	1.852914e-02	1.829465e-02	1.829554e-02	1.829835e-02	1.830091e-02	1.830358e-02	1.830682e-02	1.831280e-02	1.839433e-02	
