2.571250e-01	2.571679e-01	2.571943e-01	2.571963e-01	2.571973e-01	2.571981e-01	2.571989e-01	2.571997e-01	2.571997e-01	2.571282e-01	2.545357e-01	
1.452166e-01	1.447651e-01	1.446376e-01	1.448637e-01	1.450341e-01	1.451734e-01	1.453037e-01	1.454456e-01	1.456217e-01	1.458235e-01	2.538255e-01	
1.421682e-01	1.404445e-01	1.403344e-01	1.410144e-01	1.415239e-01	1.419405e-01	1.423302e-01	1.427545e-01	1.432825e-01	1.439882e-01	2.526289e-01	
2.464227e-01	2.409521e-01	2.421062e-01	2.437032e-01	2.448925e-01	2.458652e-01	2.467747e-01	2.477653e-01	2.489983e-01	2.506817e-01	2.519186e-01	
1.387182e-01	2.402535e-01	1.374693e-01	1.379350e-01	1.382957e-01	1.385976e-01	1.388780e-01	1.391727e-01	1.395216e-01	1.399740e-01	1.399946e-01	
1.348839e-01	2.390761e-01	1.360590e-01	1.356310e-01	1.353557e-01	1.351511e-01	1.349542e-01	1.347077e-01	1.343470e-01	1.337876e-01	1.336618e-01	
2.329716e-01	2.383772e-01	2.371582e-01	2.356247e-01	2.345852e-01	2.337831e-01	2.330200e-01	2.321140e-01	2.308606e-01	2.289899e-01	2.275255e-01	
1.309929e-01	1.322198e-01	1.321900e-01	1.318113e-01	1.315545e-01	1.313492e-01	1.311392e-01	1.308727e-01	1.304910e-01	1.299155e-01	2.267964e-01	
1.270640e-01	1.257586e-01	1.258735e-01	1.264835e-01	1.268998e-01	1.271993e-01	1.274407e-01	1.276755e-01	1.279611e-01	1.283726e-01	2.255678e-01	
2.191882e-01	2.135071e-01	2.150103e-01	2.169500e-01	2.182688e-01	2.192360e-01	2.200541e-01	2.209047e-01	2.219895e-01	2.235761e-01	2.248385e-01	
1.230461e-01	2.127492e-01	1.219068e-01	1.225007e-01	1.229033e-01	1.231910e-01	1.234204e-01	1.236423e-01	1.239129e-01	1.243059e-01	1.243331e-01	
1.189592e-01	2.114719e-01	1.203053e-01	1.198708e-01	1.195731e-01	1.193320e-01	1.190864e-01	1.187810e-01	1.183544e-01	1.177270e-01	1.176087e-01	
2.048502e-01	2.107139e-01	2.093913e-01	2.077281e-01	2.065932e-01	2.057077e-01	2.048612e-01	2.038642e-01	2.025062e-01	2.005080e-01	1.989582e-01	
1.147891e-01	1.161249e-01	1.160918e-01	1.156729e-01	1.153855e-01	1.151527e-01	1.149152e-01	1.146200e-01	1.142079e-01	1.135997e-01	1.981731e-01	
1.105566e-01	1.091612e-01	1.092784e-01	1.099154e-01	1.103489e-01	1.106611e-01	1.109151e-01	1.111675e-01	1.114815e-01	1.119400e-01	1.968501e-01	
1.900016e-01	1.839125e-01	1.855011e-01	1.875471e-01	1.889383e-01	1.899627e-01	1.908380e-01	1.917600e-01	1.929461e-01	1.946846e-01	1.960649e-01	
1.062464e-01	1.831025e-01	1.050075e-01	1.056260e-01	1.060454e-01	1.063476e-01	1.065937e-01	1.068387e-01	1.071439e-01	1.075891e-01	1.076282e-01	
1.018798e-01	1.817376e-01	1.032952e-01	1.028131e-01	1.024833e-01	1.022203e-01	1.019594e-01	1.016421e-01	1.012036e-01	1.005597e-01	1.004439e-01	
1.746825e-01	1.809275e-01	1.794931e-01	1.776837e-01	1.764496e-01	1.754939e-01	1.745926e-01	1.735442e-01	1.721245e-01	1.700370e-01	1.684142e-01	
9.744163e-02	9.886534e-02	9.882012e-02	9.834971e-02	9.802745e-02	9.777095e-02	9.751707e-02	9.720905e-02	9.678377e-02	9.615690e-02	1.675818e-01	
9.295378e-02	9.148146e-02	9.159554e-02	9.224453e-02	9.268660e-02	9.300805e-02	9.327528e-02	9.354805e-02	9.389279e-02	9.439711e-02	1.661789e-01	
1.589380e-01	1.525089e-01	1.541610e-01	1.562841e-01	1.577281e-01	1.587976e-01	1.597222e-01	1.607089e-01	1.619874e-01	1.638622e-01	1.653463e-01	
8.840063e-02	1.516564e-01	8.707386e-02	8.770735e-02	8.813739e-02	8.845049e-02	8.871148e-02	8.897869e-02	8.931698e-02	8.981103e-02	8.986208e-02	
8.380464e-02	1.502197e-01	8.527168e-02	8.474688e-02	8.438852e-02	8.410702e-02	8.383445e-02	8.350976e-02	8.306515e-02	8.241256e-02	8.230034e-02	
1.428141e-01	1.493671e-01	1.478375e-01	1.459032e-01	1.445848e-01	1.435707e-01	1.426258e-01	1.415384e-01	1.400736e-01	1.379203e-01	1.362430e-01	
7.914915e-02	8.064368e-02	8.058690e-02	8.007146e-02	7.971919e-02	7.944314e-02	7.917656e-02	7.885946e-02	7.842536e-02	7.778581e-02	1.353729e-01	
7.445707e-02	7.292366e-02	7.303385e-02	7.369003e-02	7.413830e-02	7.446776e-02	7.474671e-02	7.503667e-02	7.540647e-02	7.594750e-02	1.339065e-01	
1.263530e-01	1.196542e-01	1.213535e-01	1.235351e-01	1.250218e-01	1.261294e-01	1.270960e-01	1.281358e-01	1.294879e-01	1.314701e-01	1.330363e-01	
6.971284e-02	1.187682e-01	6.831110e-02	6.895702e-02	6.940018e-02	6.972812e-02	7.000615e-02	7.029337e-02	7.065655e-02	7.118443e-02	7.124141e-02	
6.493971e-02	1.172752e-01	6.643541e-02	6.588139e-02	6.551379e-02	6.523320e-02	6.496391e-02	6.463858e-02	6.418467e-02	6.351134e-02	6.339219e-02	
1.096075e-01	1.163892e-01	1.147720e-01	1.127504e-01	1.113962e-01	1.103716e-01	1.094203e-01	1.083138e-01	1.068027e-01	1.045651e-01	1.028228e-01	
6.007093e-02	6.157994e-02	6.150060e-02	6.099968e-02	6.068306e-02	6.044745e-02	6.021399e-02	5.991179e-02	5.946213e-02	5.876074e-02	1.019233e-01	
5.513000e-02	5.341442e-02	5.352143e-02	5.432107e-02	5.491712e-02	5.537993e-02	5.576546e-02	5.612206e-02	5.649812e-02	5.694983e-02	1.004075e-01	
9.227346e-02	8.493524e-02	8.679338e-02	8.934040e-02	9.118445e-02	9.260729e-02	9.382513e-02	9.502720e-02	9.640964e-02	9.821142e-02	9.950786e-02	
5.061884e-02	8.396513e-02	4.827724e-02	4.935254e-02	5.014219e-02	5.075163e-02	5.127327e-02	5.178817e-02	5.238034e-02	5.314687e-02	5.292228e-02	
4.656075e-02	8.233032e-02	4.578032e-02	4.610405e-02	4.636756e-02	4.657126e-02	4.674563e-02	4.691774e-02	4.711568e-02	4.737011e-02	4.717456e-02	
7.802638e-02	8.135990e-02	7.802311e-02	7.795071e-02	7.795107e-02	7.795199e-02	7.795278e-02	7.795356e-02	7.795446e-02	7.795615e-02	7.798133e-02	
