3.806439e-01	3.807130e-01	3.807557e-01	3.807589e-01	3.807605e-01	3.807618e-01	3.807630e-01	3.807643e-01	3.807643e-01	3.806491e-01	3.764685e-01	
2.147894e-01	2.140612e-01	2.138551e-01	2.142192e-01	2.144936e-01	2.147182e-01	2.149284e-01	2.151575e-01	2.154418e-01	2.157678e-01	3.753234e-01	
2.098737e-01	2.070942e-01	2.069155e-01	2.080102e-01	2.088305e-01	2.095019e-01	2.101304e-01	2.108153e-01	2.116679e-01	2.128074e-01	3.733938e-01	
3.633879e-01	3.545689e-01	3.564263e-01	3.589964e-01	3.609112e-01	3.624782e-01	3.639449e-01	3.655436e-01	3.675343e-01	3.702520e-01	3.722485e-01	
2.043109e-01	3.534430e-01	2.022945e-01	2.030427e-01	2.036226e-01	2.041086e-01	2.045610e-01	2.050375e-01	2.056023e-01	2.063349e-01	2.063691e-01	
1.981314e-01	3.515454e-01	2.000209e-01	1.993278e-01	1.988817e-01	1.985509e-01	1.982339e-01	1.978383e-01	1.972604e-01	1.963638e-01	1.961631e-01	
3.417117e-01	3.504192e-01	3.484503e-01	3.459721e-01	3.442922e-01	3.429973e-01	3.417681e-01	3.403114e-01	3.382980e-01	3.352933e-01	3.329404e-01	
1.918628e-01	1.938397e-01	1.937894e-01	1.931734e-01	1.927557e-01	1.924228e-01	1.920843e-01	1.916565e-01	1.910447e-01	1.901227e-01	3.317668e-01	
1.855383e-01	1.834390e-01	1.836207e-01	1.845947e-01	1.852595e-01	1.857390e-01	1.861270e-01	1.865068e-01	1.869701e-01	1.876381e-01	3.297891e-01	
3.195263e-01	3.103902e-01	3.127990e-01	3.159058e-01	3.180186e-01	3.195701e-01	3.208861e-01	3.222587e-01	3.240121e-01	3.265764e-01	3.286152e-01	
1.790749e-01	3.091722e-01	1.772354e-01	1.781835e-01	1.788264e-01	1.792869e-01	1.796564e-01	1.800165e-01	1.804576e-01	1.810985e-01	1.811456e-01	
1.725073e-01	3.071198e-01	1.746611e-01	1.739550e-01	1.734716e-01	1.730819e-01	1.726879e-01	1.722010e-01	1.715228e-01	1.705255e-01	1.703400e-01	
2.964881e-01	3.059016e-01	3.037673e-01	3.010805e-01	2.992471e-01	2.978198e-01	2.964608e-01	2.948661e-01	2.926976e-01	2.895075e-01	2.870319e-01	
1.658124e-01	1.679577e-01	1.679000e-01	1.672159e-01	1.667468e-01	1.663688e-01	1.659870e-01	1.655160e-01	1.648607e-01	1.638940e-01	2.857731e-01	
1.590262e-01	1.567925e-01	1.569748e-01	1.579820e-01	1.586678e-01	1.591634e-01	1.595696e-01	1.599772e-01	1.604871e-01	1.612321e-01	2.836519e-01	
2.726829e-01	2.629351e-01	2.654636e-01	2.687178e-01	2.709308e-01	2.725641e-01	2.739658e-01	2.754494e-01	2.773632e-01	2.801684e-01	2.823928e-01	
1.521236e-01	2.616400e-01	1.501286e-01	1.511070e-01	1.517708e-01	1.522510e-01	1.526458e-01	1.530433e-01	1.535417e-01	1.542690e-01	1.543374e-01	
1.451416e-01	2.594576e-01	1.473899e-01	1.466071e-01	1.460719e-01	1.456480e-01	1.452319e-01	1.447308e-01	1.440411e-01	1.430285e-01	1.428502e-01	
2.481909e-01	2.581623e-01	2.558551e-01	2.529406e-01	2.509528e-01	2.494183e-01	2.479793e-01	2.463141e-01	2.440652e-01	2.407591e-01	2.381867e-01	
1.380554e-01	1.403296e-01	1.402506e-01	1.394824e-01	1.389563e-01	1.385407e-01	1.381346e-01	1.376472e-01	1.369776e-01	1.359911e-01	2.368599e-01	
1.309027e-01	1.285615e-01	1.287353e-01	1.297495e-01	1.304407e-01	1.309457e-01	1.313703e-01	1.318091e-01	1.323677e-01	1.331854e-01	2.346241e-01	
2.231000e-01	2.128750e-01	2.154821e-01	2.188287e-01	2.211056e-01	2.227969e-01	2.242681e-01	2.258481e-01	2.279026e-01	2.309157e-01	2.332972e-01	
1.236581e-01	2.115212e-01	1.215320e-01	1.225232e-01	1.231965e-01	1.236895e-01	1.241057e-01	1.245379e-01	1.250895e-01	1.258956e-01	1.259847e-01	
1.163602e-01	2.092400e-01	1.186694e-01	1.178201e-01	1.172405e-01	1.167888e-01	1.163576e-01	1.158503e-01	1.151598e-01	1.141467e-01	1.139777e-01	
1.974994e-01	2.078861e-01	2.054390e-01	2.023389e-01	2.002262e-01	1.986074e-01	1.971098e-01	1.953983e-01	1.931005e-01	1.897236e-01	1.870899e-01	
1.089818e-01	1.113520e-01	1.112529e-01	1.104134e-01	1.098398e-01	1.093943e-01	1.089708e-01	1.084741e-01	1.077985e-01	1.068039e-01	1.857139e-01	
1.015622e-01	9.914442e-02	9.930842e-02	1.003200e-01	1.010114e-01	1.015230e-01	1.019622e-01	1.024259e-01	1.030226e-01	1.038961e-01	1.833952e-01	
1.714718e-01	1.609066e-01	1.635607e-01	1.669630e-01	1.692824e-01	1.710169e-01	1.725421e-01	1.741958e-01	1.763552e-01	1.795217e-01	1.820190e-01	
9.407605e-02	1.595120e-01	9.184523e-02	9.284339e-02	9.352877e-02	9.403966e-02	9.447937e-02	9.494137e-02	9.553134e-02	9.638955e-02	9.648962e-02	
8.656271e-02	1.571620e-01	8.889212e-02	8.800049e-02	8.740887e-02	8.696135e-02	8.653930e-02	8.603733e-02	8.534183e-02	8.431063e-02	8.413440e-02	
1.451152e-01	1.557674e-01	1.531996e-01	1.499828e-01	1.478280e-01	1.462046e-01	1.447105e-01	1.429867e-01	1.406422e-01	1.371718e-01	1.344657e-01	
7.891696e-02	8.128915e-02	8.115409e-02	8.034064e-02	7.982528e-02	7.944546e-02	7.907709e-02	7.860873e-02	7.791680e-02	7.683791e-02	1.330568e-01	
7.117828e-02	6.850077e-02	6.865745e-02	6.988093e-02	7.079501e-02	7.150889e-02	7.210957e-02	7.267246e-02	7.327331e-02	7.400058e-02	1.306826e-01	
1.179683e-01	1.065102e-01	1.093844e-01	1.133224e-01	1.161763e-01	1.183852e-01	1.202866e-01	1.221763e-01	1.243616e-01	1.272178e-01	1.292736e-01	
6.412406e-02	1.049983e-01	6.045567e-02	6.211804e-02	6.334026e-02	6.428652e-02	6.510106e-02	6.591061e-02	6.684685e-02	6.806221e-02	6.772117e-02	
5.779299e-02	1.024505e-01	5.657021e-02	5.707014e-02	5.747805e-02	5.779436e-02	5.806666e-02	5.833730e-02	5.865029e-02	5.905378e-02	5.875096e-02	
9.574316e-02	1.009382e-01	9.573804e-02	9.562518e-02	9.562573e-02	9.562715e-02	9.562839e-02	9.562961e-02	9.563104e-02	9.563371e-02	9.567295e-02	
