5.452973e-01	5.454103e-01	5.454800e-01	5.454853e-01	5.454879e-01	5.454901e-01	5.454920e-01	5.454942e-01	5.454941e-01	5.453058e-01	5.384694e-01	
3.072371e-01	3.060459e-01	3.057082e-01	3.063022e-01	3.067501e-01	3.071170e-01	3.074609e-01	3.078362e-01	3.083022e-01	3.088365e-01	5.365967e-01	
2.991985e-01	2.946536e-01	2.943586e-01	2.961443e-01	2.974831e-01	2.985799e-01	2.996078e-01	3.007296e-01	3.021265e-01	3.039936e-01	5.334412e-01	
5.170831e-01	5.026672e-01	5.056961e-01	5.098877e-01	5.130118e-01	5.155711e-01	5.179695e-01	5.205869e-01	5.238478e-01	5.282994e-01	5.315684e-01	
2.901029e-01	5.008275e-01	2.867998e-01	2.880167e-01	2.889609e-01	2.897539e-01	2.904943e-01	2.912763e-01	2.922050e-01	2.934103e-01	2.934688e-01	
2.800056e-01	4.977271e-01	2.830832e-01	2.819425e-01	2.812083e-01	2.806654e-01	2.801482e-01	2.795059e-01	2.785691e-01	2.771156e-01	2.767923e-01	
4.816691e-01	4.958868e-01	4.926599e-01	4.885949e-01	4.858393e-01	4.837185e-01	4.817113e-01	4.793391e-01	4.760645e-01	4.711784e-01	4.673505e-01	
2.697681e-01	2.729971e-01	2.729098e-01	2.718902e-01	2.711988e-01	2.706502e-01	2.700968e-01	2.694017e-01	2.684101e-01	2.669159e-01	4.654360e-01	
2.594510e-01	2.560311e-01	2.563199e-01	2.578905e-01	2.589629e-01	2.597387e-01	2.603706e-01	2.609940e-01	2.617584e-01	2.628609e-01	4.622098e-01	
4.454839e-01	4.306010e-01	4.345050e-01	4.395371e-01	4.429600e-01	4.454786e-01	4.476234e-01	4.498700e-01	4.527466e-01	4.569538e-01	4.602949e-01	
2.489173e-01	4.286190e-01	2.459039e-01	2.474321e-01	2.484688e-01	2.492143e-01	2.498174e-01	2.504114e-01	2.511440e-01	2.522087e-01	2.522932e-01	
2.382298e-01	4.252791e-01	2.417127e-01	2.405462e-01	2.397478e-01	2.391084e-01	2.384689e-01	2.376856e-01	2.365988e-01	2.350013e-01	2.347096e-01	
4.079994e-01	4.232967e-01	4.198029e-01	4.153981e-01	4.123925e-01	4.100599e-01	4.078514e-01	4.052734e-01	4.017765e-01	3.966338e-01	3.926393e-01	
2.273497e-01	2.308377e-01	2.307335e-01	2.295950e-01	2.288146e-01	2.281909e-01	2.275692e-01	2.268106e-01	2.257603e-01	2.242117e-01	3.905975e-01	
2.163419e-01	2.127273e-01	2.130099e-01	2.146111e-01	2.157019e-01	2.164942e-01	2.171509e-01	2.178188e-01	2.186608e-01	2.198918e-01	3.871567e-01	
3.693910e-01	3.536147e-01	3.576732e-01	3.628906e-01	3.664399e-01	3.690676e-01	3.713375e-01	3.737565e-01	3.768886e-01	3.814800e-01	3.851146e-01	
2.051643e-01	3.515222e-01	2.019085e-01	2.034649e-01	2.045215e-01	2.052906e-01	2.059314e-01	2.065869e-01	2.074164e-01	2.086275e-01	2.087513e-01	
1.938836e-01	3.479961e-01	1.974815e-01	1.961893e-01	1.953063e-01	1.946132e-01	1.939437e-01	1.931482e-01	1.920604e-01	1.904642e-01	1.901918e-01	
3.298251e-01	3.459033e-01	3.421437e-01	3.373850e-01	3.341399e-01	3.316455e-01	3.293254e-01	3.266612e-01	3.230765e-01	3.178085e-01	3.137041e-01	
1.824580e-01	1.861274e-01	1.859843e-01	1.847057e-01	1.838306e-01	1.831463e-01	1.824897e-01	1.817141e-01	1.806565e-01	1.790993e-01	3.115704e-01	
1.709552e-01	1.672026e-01	1.674636e-01	1.690478e-01	1.701279e-01	1.709233e-01	1.716027e-01	1.723180e-01	1.732379e-01	1.745853e-01	3.079749e-01	
2.894803e-01	2.730868e-01	2.772191e-01	2.825146e-01	2.861190e-01	2.888081e-01	2.911683e-01	2.937268e-01	2.970698e-01	3.019737e-01	3.058409e-01	
1.593330e-01	2.709214e-01	1.558868e-01	1.574381e-01	1.584926e-01	1.592716e-01	1.599412e-01	1.606511e-01	1.615674e-01	1.629070e-01	1.630685e-01	
1.476596e-01	2.672726e-01	1.513060e-01	1.499101e-01	1.489583e-01	1.482248e-01	1.475389e-01	1.467470e-01	1.456786e-01	1.441122e-01	1.438631e-01	
2.485366e-01	2.651070e-01	2.611498e-01	2.561243e-01	2.527001e-01	2.500908e-01	2.477021e-01	2.449997e-01	2.413900e-01	2.360874e-01	2.319437e-01	
1.358906e-01	1.396746e-01	1.394955e-01	1.381033e-01	1.371527e-01	1.364233e-01	1.357455e-01	1.349668e-01	1.339184e-01	1.323764e-01	2.297561e-01	
1.240948e-01	1.202673e-01	1.205040e-01	1.220511e-01	1.231095e-01	1.239007e-01	1.245946e-01	1.253441e-01	1.263205e-01	1.277515e-01	2.260698e-01	
2.071632e-01	1.904314e-01	1.945734e-01	1.998715e-01	2.034848e-01	2.062026e-01	2.086194e-01	2.112707e-01	2.147540e-01	2.198632e-01	2.238821e-01	
1.122304e-01	1.882293e-01	1.086505e-01	1.101829e-01	1.112365e-01	1.120307e-01	1.127299e-01	1.134827e-01	1.144574e-01	1.158768e-01	1.160592e-01	
1.003664e-01	1.845187e-01	1.039859e-01	1.025319e-01	1.015672e-01	1.008467e-01	1.001846e-01	9.941579e-02	9.836230e-02	9.680140e-02	9.654979e-02	
1.655498e-01	1.823166e-01	1.782098e-01	1.730491e-01	1.695918e-01	1.670035e-01	1.646517e-01	1.619721e-01	1.583503e-01	1.529921e-01	1.488045e-01	
8.833583e-02	9.207437e-02	9.183716e-02	9.049396e-02	8.964024e-02	8.901942e-02	8.843564e-02	8.771333e-02	8.665808e-02	8.501360e-02	1.465963e-01	
7.620721e-02	7.203323e-02	7.225298e-02	7.410209e-02	7.548865e-02	7.658153e-02	7.751552e-02	7.840804e-02	7.937774e-02	8.056434e-02	1.428753e-01	
1.230087e-01	1.051340e-01	1.095533e-01	1.156044e-01	1.199960e-01	1.234117e-01	1.263773e-01	1.293553e-01	1.328279e-01	1.373850e-01	1.406670e-01	
6.517808e-02	1.027822e-01	5.942662e-02	6.198047e-02	6.386162e-02	6.532514e-02	6.659587e-02	6.787197e-02	6.935999e-02	7.129981e-02	7.079064e-02	
5.531432e-02	9.881927e-02	5.339688e-02	5.416360e-02	5.479151e-02	5.528081e-02	5.570568e-02	5.613236e-02	5.662991e-02	5.727410e-02	5.680766e-02	
8.838645e-02	9.646698e-02	8.837841e-02	8.820283e-02	8.820365e-02	8.820584e-02	8.820777e-02	8.820970e-02	8.821197e-02	8.821619e-02	8.827724e-02	
