2.502921e-01	2.503337e-01	2.503593e-01	2.503613e-01	2.503622e-01	2.503630e-01	2.503637e-01	2.503645e-01	2.503645e-01	2.502952e-01	2.477814e-01	
1.413630e-01	1.409252e-01	1.408015e-01	1.410208e-01	1.411860e-01	1.413211e-01	1.414475e-01	1.415851e-01	1.417558e-01	1.419514e-01	2.470928e-01	
1.384071e-01	1.367357e-01	1.366289e-01	1.372884e-01	1.377824e-01	1.381864e-01	1.385642e-01	1.389757e-01	1.394876e-01	1.401718e-01	2.459325e-01	
2.399146e-01	2.346100e-01	2.357292e-01	2.372778e-01	2.384311e-01	2.393743e-01	2.402562e-01	2.412167e-01	2.424123e-01	2.440444e-01	2.452438e-01	
1.350618e-01	2.339326e-01	1.338509e-01	1.343025e-01	1.346523e-01	1.349451e-01	1.352170e-01	1.355027e-01	1.358409e-01	1.362795e-01	1.362994e-01	
1.313438e-01	2.327909e-01	1.324833e-01	1.320685e-01	1.318016e-01	1.316032e-01	1.314123e-01	1.311731e-01	1.308233e-01	1.302808e-01	1.301587e-01	
2.268714e-01	2.321132e-01	2.309313e-01	2.294445e-01	2.284367e-01	2.276590e-01	2.269190e-01	2.260403e-01	2.248247e-01	2.230105e-01	2.215903e-01	
1.275707e-01	1.287604e-01	1.287316e-01	1.283645e-01	1.281157e-01	1.279166e-01	1.277130e-01	1.274546e-01	1.270843e-01	1.265262e-01	2.208833e-01	
1.237608e-01	1.224949e-01	1.226064e-01	1.231981e-01	1.236019e-01	1.238925e-01	1.241266e-01	1.243542e-01	1.246310e-01	1.250300e-01	2.196919e-01	
2.135053e-01	2.079960e-01	2.094540e-01	2.113354e-01	2.126146e-01	2.135526e-01	2.143460e-01	2.151707e-01	2.162225e-01	2.177607e-01	2.189847e-01	
1.198644e-01	2.072609e-01	1.187597e-01	1.193359e-01	1.197265e-01	1.200055e-01	1.202280e-01	1.204431e-01	1.207053e-01	1.210862e-01	1.211124e-01	
1.159009e-01	2.060223e-01	1.172067e-01	1.167854e-01	1.164969e-01	1.162632e-01	1.160249e-01	1.157286e-01	1.153147e-01	1.147059e-01	1.145912e-01	
1.996002e-01	2.052871e-01	2.040047e-01	2.023922e-01	2.012917e-01	2.004331e-01	1.996121e-01	1.986451e-01	1.973276e-01	1.953892e-01	1.938858e-01	
1.118566e-01	1.131521e-01	1.131201e-01	1.127142e-01	1.124357e-01	1.122100e-01	1.119797e-01	1.116933e-01	1.112934e-01	1.107033e-01	1.931244e-01	
1.077515e-01	1.063980e-01	1.065118e-01	1.071300e-01	1.075508e-01	1.078537e-01	1.081000e-01	1.083448e-01	1.086491e-01	1.090936e-01	1.918412e-01	
1.851984e-01	1.792922e-01	1.808334e-01	1.828186e-01	1.841684e-01	1.851623e-01	1.860113e-01	1.869054e-01	1.880555e-01	1.897411e-01	1.910795e-01	
1.035708e-01	1.785065e-01	1.023694e-01	1.029696e-01	1.033767e-01	1.036699e-01	1.039086e-01	1.041461e-01	1.044418e-01	1.048732e-01	1.049111e-01	
9.933506e-02	1.771824e-01	1.007085e-01	1.002411e-01	9.992138e-02	9.966643e-02	9.941329e-02	9.910535e-02	9.867970e-02	9.805457e-02	9.794203e-02	
1.703385e-01	1.763966e-01	1.750056e-01	1.732511e-01	1.720543e-01	1.711275e-01	1.702532e-01	1.692358e-01	1.678581e-01	1.658322e-01	1.642575e-01	
9.502961e-02	9.641070e-02	9.636703e-02	9.591118e-02	9.559888e-02	9.535022e-02	9.510396e-02	9.480502e-02	9.439219e-02	9.378367e-02	1.634499e-01	
9.067561e-02	8.924706e-02	8.935796e-02	8.998816e-02	9.041743e-02	9.072949e-02	9.098879e-02	9.125331e-02	9.158751e-02	9.207639e-02	1.620889e-01	
1.550635e-01	1.488255e-01	1.504291e-01	1.524898e-01	1.538915e-01	1.549295e-01	1.558266e-01	1.567836e-01	1.580235e-01	1.598417e-01	1.612811e-01	
8.625793e-02	1.479983e-01	8.497106e-02	8.558618e-02	8.600372e-02	8.630766e-02	8.656086e-02	8.681992e-02	8.714777e-02	8.762656e-02	8.767586e-02	
8.179826e-02	1.466042e-01	8.322236e-02	8.271358e-02	8.236615e-02	8.209312e-02	8.182859e-02	8.151330e-02	8.108144e-02	8.044756e-02	8.033840e-02	
1.394177e-01	1.457769e-01	1.442932e-01	1.424171e-01	1.411383e-01	1.401545e-01	1.392376e-01	1.381820e-01	1.367599e-01	1.346693e-01	1.330409e-01	
7.728046e-02	7.873075e-02	7.867590e-02	7.817634e-02	7.783492e-02	7.756726e-02	7.730860e-02	7.700071e-02	7.657910e-02	7.595793e-02	1.321964e-01	
7.272668e-02	7.123827e-02	7.134550e-02	7.198307e-02	7.241862e-02	7.273864e-02	7.300942e-02	7.329069e-02	7.364925e-02	7.417382e-02	1.307732e-01	
1.234418e-01	1.169396e-01	1.185898e-01	1.207084e-01	1.221522e-01	1.232276e-01	1.241658e-01	1.251747e-01	1.264863e-01	1.284092e-01	1.299286e-01	
6.812184e-02	1.160796e-01	6.676181e-02	6.738936e-02	6.781988e-02	6.813837e-02	6.840821e-02	6.868674e-02	6.903878e-02	6.955043e-02	6.960546e-02	
6.348842e-02	1.146303e-01	6.494105e-02	6.440380e-02	6.404732e-02	6.377512e-02	6.351365e-02	6.319756e-02	6.275640e-02	6.210197e-02	6.198599e-02	
1.071863e-01	1.137702e-01	1.122010e-01	1.102395e-01	1.089256e-01	1.079313e-01	1.070078e-01	1.059331e-01	1.044653e-01	1.022917e-01	1.005994e-01	
5.876166e-02	6.022658e-02	6.014985e-02	5.966429e-02	5.935742e-02	5.912896e-02	5.890236e-02	5.860880e-02	5.817186e-02	5.749029e-02	9.972603e-02	
5.396426e-02	5.229825e-02	5.240246e-02	5.317969e-02	5.375897e-02	5.420864e-02	5.458306e-02	5.492918e-02	5.529398e-02	5.573201e-02	9.825426e-02	
9.035583e-02	8.322979e-02	8.503498e-02	8.750945e-02	8.930089e-02	9.068295e-02	9.186559e-02	9.303253e-02	9.437424e-02	9.612273e-02	9.738078e-02	
4.958383e-02	8.228765e-02	4.731028e-02	4.835496e-02	4.912208e-02	4.971404e-02	5.022060e-02	5.072046e-02	5.129518e-02	5.203902e-02	5.182065e-02	
4.564293e-02	8.069998e-02	4.488518e-02	4.519971e-02	4.545570e-02	4.565356e-02	4.582288e-02	4.598997e-02	4.618208e-02	4.642897e-02	4.623901e-02	
7.652012e-02	7.975754e-02	7.651695e-02	7.644664e-02	7.644699e-02	7.644787e-02	7.644864e-02	7.644940e-02	7.645028e-02	7.645192e-02	7.647637e-02	
