3.920514e-01	3.921232e-01	3.921675e-01	3.921709e-01	3.921726e-01	3.921739e-01	3.921752e-01	3.921765e-01	3.921765e-01	3.920568e-01	3.877124e-01	
2.212054e-01	2.204486e-01	2.202344e-01	2.206127e-01	2.208978e-01	2.211312e-01	2.213496e-01	2.215877e-01	2.218833e-01	2.222220e-01	3.865223e-01	
2.160970e-01	2.132086e-01	2.130227e-01	2.141601e-01	2.150125e-01	2.157102e-01	2.163632e-01	2.170751e-01	2.179613e-01	2.191456e-01	3.845171e-01	
3.741192e-01	3.649548e-01	3.668846e-01	3.695550e-01	3.715445e-01	3.731728e-01	3.746969e-01	3.763585e-01	3.784274e-01	3.812520e-01	3.833269e-01	
2.103162e-01	3.637848e-01	2.082205e-01	2.089977e-01	2.096001e-01	2.101051e-01	2.105753e-01	2.110706e-01	2.116577e-01	2.124194e-01	2.124551e-01	
2.038948e-01	3.618130e-01	2.058579e-01	2.051372e-01	2.046734e-01	2.043296e-01	2.040002e-01	2.035893e-01	2.029891e-01	2.020580e-01	2.018496e-01	
3.515948e-01	3.606426e-01	3.585962e-01	3.560204e-01	3.542742e-01	3.529285e-01	3.516512e-01	3.501378e-01	3.480463e-01	3.449251e-01	3.424809e-01	
1.973811e-01	1.994353e-01	1.993828e-01	1.987421e-01	1.983077e-01	1.979615e-01	1.976098e-01	1.971654e-01	1.965300e-01	1.955725e-01	3.412615e-01	
1.908099e-01	1.886289e-01	1.888173e-01	1.898285e-01	1.905187e-01	1.910166e-01	1.914197e-01	1.918144e-01	1.922962e-01	1.929909e-01	3.392065e-01	
3.285441e-01	3.190524e-01	3.215541e-01	3.247805e-01	3.269746e-01	3.285861e-01	3.299534e-01	3.313799e-01	3.332024e-01	3.358678e-01	3.379868e-01	
1.840947e-01	3.177872e-01	1.821828e-01	1.831671e-01	1.838345e-01	1.843128e-01	1.846967e-01	1.850711e-01	1.855301e-01	1.861969e-01	1.862461e-01	
1.772720e-01	3.156550e-01	1.795084e-01	1.787742e-01	1.782715e-01	1.778664e-01	1.774572e-01	1.769518e-01	1.762480e-01	1.752131e-01	1.750209e-01	
3.046113e-01	3.143895e-01	3.121714e-01	3.093788e-01	3.074732e-01	3.059900e-01	3.045784e-01	3.029225e-01	3.006712e-01	2.973594e-01	2.947891e-01	
1.703178e-01	1.725462e-01	1.724858e-01	1.717740e-01	1.712859e-01	1.708929e-01	1.704963e-01	1.700073e-01	1.693273e-01	1.683241e-01	2.934818e-01	
1.632696e-01	1.609501e-01	1.611388e-01	1.621834e-01	1.628948e-01	1.634089e-01	1.638307e-01	1.642544e-01	1.647846e-01	1.655594e-01	2.912787e-01	
2.798875e-01	2.697651e-01	2.723892e-01	2.757662e-01	2.780629e-01	2.797582e-01	2.812139e-01	2.827553e-01	2.847442e-01	2.876596e-01	2.899711e-01	
1.561014e-01	2.684203e-01	1.540285e-01	1.550433e-01	1.557318e-01	1.562301e-01	1.566402e-01	1.570535e-01	1.575721e-01	1.583289e-01	1.584005e-01	
1.488519e-01	2.661543e-01	1.511848e-01	1.503708e-01	1.498142e-01	1.493737e-01	1.489418e-01	1.484221e-01	1.477072e-01	1.466577e-01	1.464732e-01	
2.544575e-01	2.648094e-01	2.624123e-01	2.593839e-01	2.573185e-01	2.557245e-01	2.542305e-01	2.525028e-01	2.501699e-01	2.467405e-01	2.440719e-01	
1.414953e-01	1.438564e-01	1.437737e-01	1.429743e-01	1.424270e-01	1.419948e-01	1.415731e-01	1.410676e-01	1.403735e-01	1.393508e-01	2.426947e-01	
1.340710e-01	1.316415e-01	1.318211e-01	1.328717e-01	1.335876e-01	1.341111e-01	1.345516e-01	1.350075e-01	1.355884e-01	1.364386e-01	2.403740e-01	
2.284141e-01	2.178030e-01	2.205064e-01	2.239762e-01	2.263370e-01	2.280911e-01	2.296179e-01	2.312587e-01	2.333929e-01	2.365231e-01	2.389967e-01	
1.265526e-01	2.163984e-01	1.243445e-01	1.253714e-01	1.260690e-01	1.265801e-01	1.270121e-01	1.274614e-01	1.280353e-01	1.288739e-01	1.289673e-01	
1.189804e-01	2.140315e-01	1.213743e-01	1.204913e-01	1.198888e-01	1.194197e-01	1.189724e-01	1.184470e-01	1.177322e-01	1.166835e-01	1.165090e-01	
2.018516e-01	2.126267e-01	2.100857e-01	2.068660e-01	2.046719e-01	2.029914e-01	2.014378e-01	1.996636e-01	1.972824e-01	1.937831e-01	1.910535e-01	
1.113263e-01	1.137851e-01	1.136815e-01	1.128081e-01	1.122115e-01	1.117485e-01	1.113090e-01	1.107944e-01	1.100949e-01	1.090651e-01	1.896264e-01	
1.036311e-01	1.011242e-01	1.012932e-01	1.023396e-01	1.030548e-01	1.035844e-01	1.040397e-01	1.045213e-01	1.051413e-01	1.060492e-01	1.872215e-01	
1.748576e-01	1.639029e-01	1.666521e-01	1.701757e-01	1.725779e-01	1.743750e-01	1.759565e-01	1.776726e-01	1.799145e-01	1.832020e-01	1.857943e-01	
9.586857e-02	1.624572e-01	9.355338e-02	9.458615e-02	9.529535e-02	9.582440e-02	9.628044e-02	9.676044e-02	9.737398e-02	9.826656e-02	9.837141e-02	
8.807985e-02	1.600211e-01	9.049197e-02	8.956557e-02	8.895088e-02	8.848633e-02	8.804901e-02	8.752972e-02	8.681076e-02	8.574482e-02	8.556334e-02	
1.475351e-01	1.585753e-01	1.559111e-01	1.525728e-01	1.503364e-01	1.486524e-01	1.471039e-01	1.453188e-01	1.428921e-01	1.393000e-01	1.364986e-01	
8.015578e-02	8.261460e-02	8.247350e-02	8.162757e-02	8.109151e-02	8.069681e-02	8.031484e-02	7.983010e-02	7.911451e-02	7.799875e-02	1.350387e-01	
7.213760e-02	6.936440e-02	6.952557e-02	7.079013e-02	7.173513e-02	7.247362e-02	7.309566e-02	7.367935e-02	7.430317e-02	7.505883e-02	1.325788e-01	
1.194081e-01	1.075398e-01	1.105140e-01	1.145888e-01	1.175420e-01	1.198287e-01	1.217980e-01	1.237567e-01	1.260231e-01	1.289861e-01	1.311190e-01	
6.482981e-02	1.059742e-01	6.102883e-02	6.274891e-02	6.401371e-02	6.499326e-02	6.583695e-02	6.667607e-02	6.764706e-02	6.890791e-02	6.855570e-02	
5.827273e-02	1.033357e-01	5.700575e-02	5.752297e-02	5.794510e-02	5.827254e-02	5.855459e-02	5.883512e-02	5.915973e-02	5.957833e-02	5.926494e-02	
9.638972e-02	1.017696e-01	9.638441e-02	9.626754e-02	9.626811e-02	9.626958e-02	9.627086e-02	9.627213e-02	9.627361e-02	9.627637e-02	9.631701e-02	
