7.735194e-01	7.737263e-01	7.738540e-01	7.738636e-01	7.738683e-01	7.738721e-01	7.738758e-01	7.738797e-01	7.738798e-01	7.735349e-01	7.610124e-01	
4.342679e-01	4.320809e-01	4.314493e-01	4.325148e-01	4.333216e-01	4.339885e-01	4.346210e-01	4.353184e-01	4.361887e-01	4.371894e-01	7.575822e-01	
4.195437e-01	4.112223e-01	4.106397e-01	4.138383e-01	4.162465e-01	4.182366e-01	4.201239e-01	4.222045e-01	4.248081e-01	4.282878e-01	7.518023e-01	
7.219061e-01	6.955905e-01	7.010046e-01	7.085001e-01	7.141088e-01	7.187432e-01	7.231372e-01	7.279805e-01	7.340435e-01	7.423170e-01	7.483718e-01	
4.029033e-01	6.922443e-01	3.967600e-01	3.988830e-01	4.005457e-01	4.019696e-01	4.033350e-01	4.048140e-01	4.065979e-01	4.089227e-01	4.090693e-01	
3.845321e-01	6.866052e-01	3.899755e-01	3.877712e-01	3.863499e-01	3.853241e-01	3.843960e-01	3.832937e-01	3.817112e-01	3.792471e-01	3.787323e-01	
6.575523e-01	6.832582e-01	6.772371e-01	6.695982e-01	6.644171e-01	6.604808e-01	6.568502e-01	6.526615e-01	6.469442e-01	6.384185e-01	6.317107e-01	
3.659954e-01	3.718507e-01	3.716123e-01	3.695531e-01	3.681566e-01	3.670867e-01	3.660753e-01	3.648725e-01	3.631957e-01	3.606703e-01	6.282768e-01	
3.474896e-01	3.414243e-01	3.418305e-01	3.443709e-01	3.461096e-01	3.474027e-01	3.485193e-01	3.496974e-01	3.511988e-01	3.533701e-01	6.224902e-01	
5.927171e-01	5.663201e-01	5.729534e-01	5.814526e-01	5.872433e-01	5.915760e-01	5.953918e-01	5.995339e-01	6.049369e-01	6.128392e-01	6.190558e-01	
3.287481e-01	5.628355e-01	3.231612e-01	3.256310e-01	3.273118e-01	3.285620e-01	3.296493e-01	3.308129e-01	3.323172e-01	3.345071e-01	3.347711e-01	
3.099578e-01	5.569638e-01	3.157708e-01	3.134703e-01	3.119002e-01	3.107014e-01	3.096014e-01	3.083537e-01	3.066832e-01	3.042324e-01	3.038607e-01	
5.268723e-01	5.534791e-01	5.470531e-01	5.388628e-01	5.332763e-01	5.290383e-01	5.251986e-01	5.209008e-01	5.151914e-01	5.068083e-01	5.002440e-01	
2.910380e-01	2.971247e-01	2.968026e-01	2.944622e-01	2.928610e-01	2.916472e-01	2.905500e-01	2.893245e-01	2.876979e-01	2.853079e-01	4.967423e-01	
2.721605e-01	2.660702e-01	2.663926e-01	2.687214e-01	2.703114e-01	2.715184e-01	2.726151e-01	2.738463e-01	2.754829e-01	2.778836e-01	4.908420e-01	
4.607054e-01	4.340811e-01	4.405218e-01	4.487203e-01	4.543063e-01	4.585429e-01	4.623840e-01	4.666861e-01	4.723998e-01	4.807823e-01	4.873403e-01	
2.532441e-01	4.305929e-01	2.474294e-01	2.497255e-01	2.512902e-01	2.524865e-01	2.535885e-01	2.548416e-01	2.565179e-01	2.589706e-01	2.593395e-01	
2.344401e-01	4.247154e-01	2.400410e-01	2.375750e-01	2.358966e-01	2.346498e-01	2.335667e-01	2.324052e-01	2.308955e-01	2.286853e-01	2.284044e-01	
3.947773e-01	4.212273e-01	4.146138e-01	4.061423e-01	4.003716e-01	3.960530e-01	3.922425e-01	3.880891e-01	3.826456e-01	3.746568e-01	3.683627e-01	
2.156740e-01	2.217280e-01	2.213249e-01	2.188041e-01	2.170829e-01	2.158098e-01	2.147137e-01	2.135501e-01	2.120461e-01	2.098407e-01	3.649121e-01	
1.970735e-01	1.911261e-01	1.913747e-01	1.934802e-01	1.949189e-01	1.960378e-01	1.971023e-01	1.983504e-01	2.000460e-01	2.025397e-01	3.590981e-01	
3.295425e-01	3.034903e-01	3.096298e-01	3.174052e-01	3.227034e-01	3.267638e-01	3.305215e-01	3.348164e-01	3.405807e-01	3.490474e-01	3.556478e-01	
1.785690e-01	3.000942e-01	1.727724e-01	1.748974e-01	1.763475e-01	1.774792e-01	1.785621e-01	1.798380e-01	1.815749e-01	1.841205e-01	1.845441e-01	
1.602631e-01	2.943722e-01	1.655946e-01	1.631067e-01	1.614171e-01	1.601807e-01	1.591384e-01	1.580565e-01	1.566747e-01	1.546526e-01	1.544256e-01	
2.653209e-01	2.909765e-01	2.844442e-01	2.760605e-01	2.703568e-01	2.661191e-01	2.624301e-01	2.584636e-01	2.533002e-01	2.457216e-01	2.397296e-01	
1.420893e-01	1.479591e-01	1.475276e-01	1.449971e-01	1.432733e-01	1.420129e-01	1.409511e-01	1.398490e-01	1.384412e-01	1.363775e-01	2.363977e-01	
1.241259e-01	1.184023e-01	1.186184e-01	1.205865e-01	1.219354e-01	1.229963e-01	1.240219e-01	1.252390e-01	1.269007e-01	1.293463e-01	2.307838e-01	
2.022826e-01	1.771808e-01	1.830472e-01	1.904704e-01	1.955358e-01	1.994340e-01	2.030616e-01	2.072243e-01	2.128203e-01	2.210429e-01	2.274524e-01	
1.063156e-01	1.739138e-01	1.006989e-01	1.027270e-01	1.041262e-01	1.052303e-01	1.062908e-01	1.075345e-01	1.092171e-01	1.116761e-01	1.120859e-01	
8.871551e-02	1.684093e-01	9.379795e-02	9.142287e-02	8.984735e-02	8.871498e-02	8.775683e-02	8.673387e-02	8.538799e-02	8.339426e-02	8.314016e-02	
1.405036e-01	1.651428e-01	1.588190e-01	1.508088e-01	1.454444e-01	1.415012e-01	1.380517e-01	1.342682e-01	1.292478e-01	1.218215e-01	1.159663e-01	
7.109432e-02	7.659638e-02	7.614437e-02	7.391882e-02	7.249316e-02	7.148964e-02	7.061979e-02	6.962505e-02	6.821907e-02	6.602552e-02	1.127601e-01	
5.349168e-02	4.750926e-02	4.774814e-02	5.019672e-02	5.204575e-02	5.353708e-02	5.486359e-02	5.619383e-02	5.769890e-02	5.958289e-02	1.073579e-01	
7.870501e-02	5.300403e-02	5.917614e-02	6.759521e-02	7.371340e-02	7.851874e-02	8.277156e-02	8.714190e-02	9.233093e-02	9.920009e-02	1.041521e-01	
3.760989e-02	4.964181e-02	2.927565e-02	3.281925e-02	3.543465e-02	3.748959e-02	3.930869e-02	4.117861e-02	4.339928e-02	4.632052e-02	4.566613e-02	
2.348107e-02	4.397636e-02	2.070618e-02	2.176393e-02	2.263543e-02	2.332139e-02	2.392874e-02	2.455322e-02	2.529495e-02	2.626436e-02	2.561683e-02	
2.906202e-02	4.061364e-02	2.905038e-02	2.879920e-02	2.880026e-02	2.880333e-02	2.880608e-02	2.880891e-02	2.881229e-02	2.881855e-02	2.890587e-02	
