2.404271e-01	2.404668e-01	2.404913e-01	2.404932e-01	2.404941e-01	2.404948e-01	2.404955e-01	2.404963e-01	2.404963e-01	2.404301e-01	2.380284e-01	
1.357984e-01	1.353802e-01	1.352620e-01	1.354715e-01	1.356294e-01	1.357585e-01	1.358792e-01	1.360107e-01	1.361738e-01	1.363606e-01	2.373705e-01	
1.329744e-01	1.313776e-01	1.312756e-01	1.319057e-01	1.323778e-01	1.327638e-01	1.331247e-01	1.335178e-01	1.340069e-01	1.346605e-01	2.362620e-01	
2.305125e-01	2.254445e-01	2.265139e-01	2.279936e-01	2.290955e-01	2.299967e-01	2.308393e-01	2.317569e-01	2.328990e-01	2.344582e-01	2.356040e-01	
1.297783e-01	2.247972e-01	1.286215e-01	1.290531e-01	1.293874e-01	1.296671e-01	1.299269e-01	1.301998e-01	1.305229e-01	1.309418e-01	1.309607e-01	
1.262261e-01	2.237064e-01	1.273150e-01	1.269188e-01	1.266638e-01	1.264743e-01	1.262919e-01	1.260634e-01	1.257290e-01	1.252105e-01	1.250938e-01	
2.180506e-01	2.230590e-01	2.219298e-01	2.205096e-01	2.195469e-01	2.188039e-01	2.180970e-01	2.172573e-01	2.160957e-01	2.143619e-01	2.130047e-01	
1.226211e-01	1.237578e-01	1.237303e-01	1.233799e-01	1.231422e-01	1.229521e-01	1.227576e-01	1.225106e-01	1.221567e-01	1.216233e-01	2.123292e-01	
1.189807e-01	1.177711e-01	1.178778e-01	1.184435e-01	1.188295e-01	1.191072e-01	1.193309e-01	1.195484e-01	1.198127e-01	1.201937e-01	2.111908e-01	
2.052793e-01	2.000148e-01	2.014084e-01	2.032066e-01	2.044292e-01	2.053257e-01	2.060838e-01	2.068718e-01	2.078765e-01	2.093458e-01	2.105151e-01	
1.152576e-01	1.993124e-01	1.142023e-01	1.147531e-01	1.151265e-01	1.153932e-01	1.156058e-01	1.158112e-01	1.160615e-01	1.164251e-01	1.164501e-01	
1.114701e-01	1.981287e-01	1.127182e-01	1.123160e-01	1.120404e-01	1.118172e-01	1.115895e-01	1.113062e-01	1.109104e-01	1.103282e-01	1.102184e-01	
1.919915e-01	1.974262e-01	1.962011e-01	1.946607e-01	1.936094e-01	1.927891e-01	1.920045e-01	1.910801e-01	1.898207e-01	1.879675e-01	1.865303e-01	
1.076051e-01	1.088431e-01	1.088127e-01	1.084252e-01	1.081594e-01	1.079438e-01	1.077237e-01	1.074499e-01	1.070676e-01	1.065033e-01	1.858025e-01	
1.036817e-01	1.023879e-01	1.024969e-01	1.030882e-01	1.034908e-01	1.037805e-01	1.040159e-01	1.042497e-01	1.045404e-01	1.049648e-01	1.845761e-01	
1.782270e-01	1.725815e-01	1.740553e-01	1.759536e-01	1.772443e-01	1.781945e-01	1.790061e-01	1.798603e-01	1.809591e-01	1.825695e-01	1.838482e-01	
9.968564e-02	1.718304e-01	9.853775e-02	9.911193e-02	9.950127e-02	9.978165e-02	1.000098e-01	1.002366e-01	1.005189e-01	1.009307e-01	1.009667e-01	
9.563666e-02	1.705648e-01	9.695008e-02	9.650377e-02	9.619844e-02	9.595485e-02	9.571283e-02	9.541824e-02	9.501092e-02	9.441271e-02	9.430488e-02	
1.640220e-01	1.698136e-01	1.684845e-01	1.668081e-01	1.656646e-01	1.647789e-01	1.639430e-01	1.629701e-01	1.616523e-01	1.597146e-01	1.582084e-01	
9.152063e-02	9.284092e-02	9.279943e-02	9.236428e-02	9.206615e-02	9.182866e-02	9.159326e-02	9.130732e-02	9.091229e-02	9.033000e-02	1.574362e-01	
8.735772e-02	8.599166e-02	8.609799e-02	8.670129e-02	8.711222e-02	8.741086e-02	8.765884e-02	8.791159e-02	8.823078e-02	8.869768e-02	1.561350e-01	
1.494173e-01	1.434522e-01	1.449864e-01	1.469581e-01	1.482992e-01	1.492921e-01	1.501500e-01	1.510647e-01	1.522496e-01	1.539870e-01	1.553627e-01	
8.313345e-02	1.426611e-01	8.190349e-02	8.249230e-02	8.289198e-02	8.318280e-02	8.342489e-02	8.367234e-02	8.398533e-02	8.444240e-02	8.448926e-02	
7.886848e-02	1.413279e-01	8.023117e-02	7.974520e-02	7.941333e-02	7.915241e-02	7.889936e-02	7.859752e-02	7.818393e-02	7.757686e-02	7.747212e-02	
1.344545e-01	1.405367e-01	1.391185e-01	1.373254e-01	1.361031e-01	1.351626e-01	1.342856e-01	1.332756e-01	1.319144e-01	1.299135e-01	1.283551e-01	
7.454738e-02	7.593447e-02	7.588235e-02	7.540539e-02	7.507941e-02	7.482371e-02	7.457634e-02	7.428165e-02	7.387792e-02	7.328308e-02	1.275472e-01	
7.019125e-02	6.876718e-02	6.887014e-02	6.948102e-02	6.989832e-02	7.020480e-02	7.046390e-02	7.073276e-02	7.107532e-02	7.157645e-02	1.261859e-01	
1.191718e-01	1.129508e-01	1.145307e-01	1.165591e-01	1.179414e-01	1.189708e-01	1.198684e-01	1.208332e-01	1.220870e-01	1.239252e-01	1.253779e-01	
6.578567e-02	1.121279e-01	6.448521e-02	6.508639e-02	6.549881e-02	6.580376e-02	6.606189e-02	6.632804e-02	6.666421e-02	6.715277e-02	6.720503e-02	
6.135207e-02	1.107411e-01	6.274299e-02	6.222964e-02	6.188902e-02	6.162878e-02	6.137851e-02	6.107568e-02	6.065282e-02	6.002555e-02	5.991414e-02	
1.036173e-01	1.099181e-01	1.084174e-01	1.065418e-01	1.052854e-01	1.043344e-01	1.034506e-01	1.024216e-01	1.010158e-01	9.893399e-02	9.731332e-02	
5.682845e-02	5.823032e-02	5.815728e-02	5.769360e-02	5.740060e-02	5.718233e-02	5.696553e-02	5.668436e-02	5.626566e-02	5.561254e-02	9.647731e-02	
5.223648e-02	5.064146e-02	5.074161e-02	5.148664e-02	5.204185e-02	5.247268e-02	5.283119e-02	5.316232e-02	5.351106e-02	5.392959e-02	9.506856e-02	
8.750738e-02	8.068516e-02	8.241440e-02	8.478483e-02	8.650086e-02	8.782447e-02	8.895670e-02	9.007341e-02	9.135692e-02	9.302925e-02	9.423249e-02	
4.804319e-02	7.978308e-02	4.586703e-02	4.686780e-02	4.760261e-02	4.816954e-02	4.865450e-02	4.913284e-02	4.968262e-02	5.039405e-02	5.018464e-02	
4.427011e-02	7.826291e-02	4.354482e-02	4.384615e-02	4.409136e-02	4.428085e-02	4.444295e-02	4.460284e-02	4.478662e-02	4.502275e-02	4.484079e-02	
7.426077e-02	7.736054e-02	7.425773e-02	7.419041e-02	7.419075e-02	7.419160e-02	7.419233e-02	7.419306e-02	7.419389e-02	7.419547e-02	7.421888e-02	
