2.436656e-01	2.437059e-01	2.437308e-01	2.437327e-01	2.437336e-01	2.437343e-01	2.437351e-01	2.437358e-01	2.437358e-01	2.436686e-01	2.412303e-01	
1.376253e-01	1.372006e-01	1.370807e-01	1.372934e-01	1.374536e-01	1.375847e-01	1.377073e-01	1.378407e-01	1.380063e-01	1.381960e-01	2.405624e-01	
1.347582e-01	1.331370e-01	1.330335e-01	1.336731e-01	1.341524e-01	1.345443e-01	1.349107e-01	1.353098e-01	1.358063e-01	1.364699e-01	2.394369e-01	
2.335998e-01	2.284545e-01	2.295402e-01	2.310424e-01	2.321611e-01	2.330760e-01	2.339314e-01	2.348630e-01	2.360226e-01	2.376056e-01	2.387689e-01	
1.315133e-01	2.277974e-01	1.303389e-01	1.307770e-01	1.311164e-01	1.314003e-01	1.316641e-01	1.319412e-01	1.322692e-01	1.326945e-01	1.327138e-01	
1.279070e-01	2.266900e-01	1.290124e-01	1.286101e-01	1.283513e-01	1.281589e-01	1.279737e-01	1.277417e-01	1.274023e-01	1.268759e-01	1.267574e-01	
2.209481e-01	2.260326e-01	2.248863e-01	2.234443e-01	2.224669e-01	2.217126e-01	2.209948e-01	2.201424e-01	2.189631e-01	2.172031e-01	2.158253e-01	
1.242471e-01	1.254011e-01	1.253732e-01	1.250173e-01	1.247760e-01	1.245830e-01	1.243855e-01	1.241348e-01	1.237755e-01	1.232340e-01	2.151395e-01	
1.205513e-01	1.193233e-01	1.194316e-01	1.200058e-01	1.203976e-01	1.206796e-01	1.209066e-01	1.211274e-01	1.213958e-01	1.217826e-01	2.139838e-01	
2.079824e-01	2.026380e-01	2.040526e-01	2.058780e-01	2.071191e-01	2.080292e-01	2.087988e-01	2.095988e-01	2.106188e-01	2.121106e-01	2.132978e-01	
1.167717e-01	2.019249e-01	1.157002e-01	1.162593e-01	1.166383e-01	1.169090e-01	1.171248e-01	1.173334e-01	1.175876e-01	1.179569e-01	1.179823e-01	
1.129266e-01	2.007233e-01	1.141936e-01	1.137851e-01	1.135053e-01	1.132787e-01	1.130475e-01	1.127600e-01	1.123583e-01	1.117674e-01	1.116559e-01	
1.944930e-01	2.000100e-01	1.987662e-01	1.972023e-01	1.961350e-01	1.953021e-01	1.945057e-01	1.935674e-01	1.922889e-01	1.904079e-01	1.889491e-01	
1.090030e-01	1.102599e-01	1.102289e-01	1.098354e-01	1.095654e-01	1.093465e-01	1.091231e-01	1.088452e-01	1.084571e-01	1.078844e-01	1.882103e-01	
1.050203e-01	1.037070e-01	1.038176e-01	1.044177e-01	1.048262e-01	1.051202e-01	1.053592e-01	1.055966e-01	1.058917e-01	1.063227e-01	1.869654e-01	
1.805203e-01	1.747896e-01	1.762854e-01	1.782122e-01	1.795222e-01	1.804867e-01	1.813104e-01	1.821777e-01	1.832932e-01	1.849282e-01	1.862264e-01	
1.009639e-01	1.740272e-01	9.979852e-02	1.003812e-01	1.007764e-01	1.010609e-01	1.012925e-01	1.015228e-01	1.018095e-01	1.022277e-01	1.022643e-01	
9.685389e-02	1.727425e-01	9.818692e-02	9.773373e-02	9.742370e-02	9.717640e-02	9.693075e-02	9.663179e-02	9.621848e-02	9.561147e-02	9.550209e-02	
1.661013e-01	1.719800e-01	1.706306e-01	1.689287e-01	1.677679e-01	1.668687e-01	1.660203e-01	1.650328e-01	1.636955e-01	1.617289e-01	1.602003e-01	
9.267596e-02	9.401612e-02	9.397391e-02	9.353201e-02	9.322926e-02	9.298812e-02	9.274917e-02	9.245898e-02	9.205813e-02	9.146726e-02	1.594166e-01	
8.845060e-02	8.706411e-02	8.717194e-02	8.778404e-02	8.820097e-02	8.850400e-02	8.875568e-02	8.901227e-02	8.933636e-02	8.981044e-02	1.580958e-01	
1.512775e-01	1.452233e-01	1.467801e-01	1.487810e-01	1.501419e-01	1.511495e-01	1.520202e-01	1.529487e-01	1.541516e-01	1.559154e-01	1.573119e-01	
8.416311e-02	1.444203e-01	8.291456e-02	8.351198e-02	8.391750e-02	8.421261e-02	8.445833e-02	8.470957e-02	8.502741e-02	8.549157e-02	8.553922e-02	
7.983449e-02	1.430673e-01	8.121727e-02	8.072385e-02	8.038690e-02	8.012202e-02	7.986522e-02	7.955898e-02	7.913941e-02	7.852356e-02	7.841738e-02	
1.360915e-01	1.422642e-01	1.408246e-01	1.390044e-01	1.377636e-01	1.368090e-01	1.359189e-01	1.348940e-01	1.335129e-01	1.314827e-01	1.299014e-01	
7.544909e-02	7.685684e-02	7.680383e-02	7.631950e-02	7.598848e-02	7.572887e-02	7.547781e-02	7.517880e-02	7.476922e-02	7.416576e-02	1.290815e-01	
7.102834e-02	6.958322e-02	6.968758e-02	7.030720e-02	7.073048e-02	7.104139e-02	7.130431e-02	7.157723e-02	7.192501e-02	7.243379e-02	1.277000e-01	
1.205821e-01	1.142692e-01	1.158720e-01	1.179300e-01	1.193323e-01	1.203768e-01	1.212877e-01	1.222669e-01	1.235397e-01	1.254055e-01	1.268800e-01	
6.655759e-02	1.134341e-01	6.523767e-02	6.584748e-02	6.626582e-02	6.657521e-02	6.683716e-02	6.710736e-02	6.744871e-02	6.794481e-02	6.799797e-02	
6.205864e-02	1.120269e-01	6.346975e-02	6.294860e-02	6.260280e-02	6.233865e-02	6.208472e-02	6.177754e-02	6.134869e-02	6.071252e-02	6.059961e-02	
1.047983e-01	1.111917e-01	1.096687e-01	1.077649e-01	1.064898e-01	1.055246e-01	1.046278e-01	1.035839e-01	1.021578e-01	1.000459e-01	9.840182e-02	
5.746857e-02	5.889106e-02	5.881682e-02	5.834600e-02	5.804847e-02	5.782687e-02	5.760687e-02	5.732164e-02	5.689697e-02	5.623453e-02	9.755357e-02	
5.280939e-02	5.119115e-02	5.129263e-02	5.204821e-02	5.261130e-02	5.304830e-02	5.341202e-02	5.374805e-02	5.410204e-02	5.452694e-02	9.612421e-02	
8.845268e-02	8.153105e-02	8.328515e-02	8.568965e-02	8.743036e-02	8.877311e-02	8.992183e-02	9.105497e-02	9.235751e-02	9.405474e-02	9.527590e-02	
4.855488e-02	8.061585e-02	4.634686e-02	4.736200e-02	4.810739e-02	4.868251e-02	4.917454e-02	4.965992e-02	5.021786e-02	5.093988e-02	5.072753e-02	
4.472688e-02	7.907360e-02	4.399098e-02	4.429662e-02	4.454537e-02	4.473760e-02	4.490206e-02	4.506430e-02	4.525080e-02	4.549045e-02	4.530587e-02	
7.501330e-02	7.815812e-02	7.501022e-02	7.494192e-02	7.494226e-02	7.494312e-02	7.494387e-02	7.494460e-02	7.494545e-02	7.494705e-02	7.497080e-02	
