2.867045e-01	2.867531e-01	2.867831e-01	2.867854e-01	2.867866e-01	2.867875e-01	2.867883e-01	2.867892e-01	2.867892e-01	2.867081e-01	2.837647e-01	
1.618935e-01	1.613809e-01	1.612360e-01	1.614926e-01	1.616860e-01	1.618442e-01	1.619922e-01	1.621533e-01	1.623533e-01	1.625824e-01	2.829584e-01	
1.584325e-01	1.564755e-01	1.563503e-01	1.571221e-01	1.577003e-01	1.581733e-01	1.586157e-01	1.590976e-01	1.596972e-01	1.604986e-01	2.815998e-01	
2.745540e-01	2.683434e-01	2.696531e-01	2.714654e-01	2.728153e-01	2.739194e-01	2.749520e-01	2.760769e-01	2.774771e-01	2.793888e-01	2.807935e-01	
1.545156e-01	2.675503e-01	1.530973e-01	1.536256e-01	1.540349e-01	1.543775e-01	1.546959e-01	1.550307e-01	1.554271e-01	1.559412e-01	1.559647e-01	
1.501630e-01	2.662137e-01	1.514962e-01	1.510099e-01	1.506970e-01	1.504646e-01	1.502411e-01	1.499615e-01	1.495525e-01	1.489183e-01	1.487758e-01	
2.592845e-01	2.654203e-01	2.640358e-01	2.622940e-01	2.611133e-01	2.602024e-01	2.593362e-01	2.583082e-01	2.568863e-01	2.547643e-01	2.531030e-01	
1.457462e-01	1.471389e-01	1.471047e-01	1.466740e-01	1.463819e-01	1.461485e-01	1.459101e-01	1.456079e-01	1.451750e-01	1.445226e-01	2.522755e-01	
1.412872e-01	1.398060e-01	1.399359e-01	1.406270e-01	1.410986e-01	1.414382e-01	1.417120e-01	1.419788e-01	1.423034e-01	1.427713e-01	2.508811e-01	
2.436419e-01	2.371957e-01	2.389001e-01	2.410991e-01	2.425943e-01	2.436911e-01	2.446195e-01	2.455853e-01	2.468176e-01	2.486197e-01	2.500535e-01	
1.367279e-01	2.363359e-01	1.354340e-01	1.361069e-01	1.365630e-01	1.368891e-01	1.371495e-01	1.374018e-01	1.377097e-01	1.381570e-01	1.381883e-01	
1.320913e-01	2.348868e-01	1.336171e-01	1.331229e-01	1.327844e-01	1.325105e-01	1.322320e-01	1.318861e-01	1.314032e-01	1.306931e-01	1.305597e-01	
2.273759e-01	2.340268e-01	2.325250e-01	2.306360e-01	2.293469e-01	2.283417e-01	2.273815e-01	2.262516e-01	2.247130e-01	2.224493e-01	2.206933e-01	
1.273614e-01	1.288766e-01	1.288384e-01	1.283614e-01	1.280343e-01	1.277696e-01	1.275001e-01	1.271657e-01	1.266993e-01	1.260109e-01	2.198031e-01	
1.225619e-01	1.209802e-01	1.211122e-01	1.218323e-01	1.223226e-01	1.226758e-01	1.229636e-01	1.232503e-01	1.236073e-01	1.241288e-01	2.183029e-01	
2.105388e-01	2.036364e-01	2.054349e-01	2.077510e-01	2.093259e-01	2.104861e-01	2.114784e-01	2.125246e-01	2.138715e-01	2.158455e-01	2.174124e-01	
1.176757e-01	2.027185e-01	1.162695e-01	1.169688e-01	1.174431e-01	1.177851e-01	1.180642e-01	1.183427e-01	1.186902e-01	1.191971e-01	1.192423e-01	
1.127271e-01	2.011717e-01	1.143289e-01	1.137807e-01	1.134057e-01	1.131072e-01	1.128117e-01	1.124530e-01	1.119579e-01	1.112307e-01	1.111005e-01	
1.931785e-01	2.002536e-01	1.986260e-01	1.965722e-01	1.951714e-01	1.940873e-01	1.930663e-01	1.918798e-01	1.902742e-01	1.879132e-01	1.860776e-01	
1.076990e-01	1.093121e-01	1.092598e-01	1.087243e-01	1.083574e-01	1.080659e-01	1.077782e-01	1.074299e-01	1.069495e-01	1.062415e-01	1.851349e-01	
1.026166e-01	1.009500e-01	1.010780e-01	1.018099e-01	1.023085e-01	1.026714e-01	1.029738e-01	1.032834e-01	1.036752e-01	1.042484e-01	1.835462e-01	
1.753484e-01	1.680708e-01	1.699379e-01	1.723365e-01	1.739682e-01	1.751773e-01	1.762241e-01	1.773426e-01	1.787930e-01	1.809201e-01	1.826033e-01	
9.746203e-02	1.671061e-01	9.595772e-02	9.667234e-02	9.715750e-02	9.751118e-02	9.780677e-02	9.811035e-02	9.849536e-02	9.905770e-02	9.911670e-02	
9.226125e-02	1.654804e-01	9.391826e-02	9.332197e-02	9.291484e-02	9.259558e-02	9.228739e-02	9.192124e-02	9.142048e-02	9.068554e-02	9.055994e-02	
1.571031e-01	1.645156e-01	1.627820e-01	1.605887e-01	1.590939e-01	1.579451e-01	1.568762e-01	1.556481e-01	1.539948e-01	1.515646e-01	1.496711e-01	
8.699530e-02	8.868604e-02	8.862043e-02	8.803395e-02	8.763316e-02	8.731970e-02	8.701801e-02	8.666022e-02	8.617109e-02	8.545057e-02	1.486873e-01	
8.169050e-02	7.995791e-02	8.008093e-02	8.081883e-02	8.132298e-02	8.169403e-02	8.200912e-02	8.233775e-02	8.275764e-02	8.337206e-02	1.470295e-01	
1.384928e-01	1.309234e-01	1.328397e-01	1.352989e-01	1.369749e-01	1.382246e-01	1.393169e-01	1.404940e-01	1.420259e-01	1.442717e-01	1.460456e-01	
7.632916e-02	1.299227e-01	7.474220e-02	7.546893e-02	7.596762e-02	7.633721e-02	7.665156e-02	7.697748e-02	7.739047e-02	7.799086e-02	7.805680e-02	
7.093796e-02	1.282365e-01	7.262354e-02	7.199481e-02	7.157763e-02	7.125982e-02	7.095593e-02	7.059002e-02	7.008023e-02	6.932408e-02	6.919122e-02	
1.195793e-01	1.272357e-01	1.254058e-01	1.231170e-01	1.215840e-01	1.204251e-01	1.193512e-01	1.181041e-01	1.164025e-01	1.138830e-01	1.119207e-01	
6.544151e-02	6.714543e-02	6.705427e-02	6.648469e-02	6.612449e-02	6.585700e-02	6.559318e-02	6.525297e-02	6.474750e-02	6.395912e-02	1.109058e-01	
5.986669e-02	5.793247e-02	5.805154e-02	5.894936e-02	5.961891e-02	6.013942e-02	6.057393e-02	6.097694e-02	6.140305e-02	6.191573e-02	1.091955e-01	
1.000218e-01	9.174755e-02	9.383858e-02	9.670458e-02	9.877997e-02	1.003824e-01	1.017555e-01	1.031129e-01	1.046757e-01	1.067139e-01	1.081805e-01	
5.477851e-02	9.065413e-02	5.213637e-02	5.334630e-02	5.423504e-02	5.492140e-02	5.550959e-02	5.609102e-02	5.676050e-02	5.762761e-02	5.737585e-02	
5.020358e-02	8.881153e-02	4.932297e-02	4.968714e-02	4.998373e-02	5.021315e-02	5.040976e-02	5.060412e-02	5.082791e-02	5.111574e-02	5.089563e-02	
8.396055e-02	8.771777e-02	8.395686e-02	8.387526e-02	8.387566e-02	8.387669e-02	8.387758e-02	8.387846e-02	8.387948e-02	8.388139e-02	8.390977e-02	
