2.133556e-01	2.133903e-01	2.134118e-01	2.134134e-01	2.134142e-01	2.134149e-01	2.134155e-01	2.134161e-01	2.134161e-01	2.133582e-01	2.112558e-01	
1.205236e-01	1.201575e-01	1.200541e-01	1.202376e-01	1.203758e-01	1.204888e-01	1.205945e-01	1.207095e-01	1.208522e-01	1.210158e-01	2.106800e-01	
1.180516e-01	1.166538e-01	1.165647e-01	1.171164e-01	1.175297e-01	1.178677e-01	1.181836e-01	1.185276e-01	1.189556e-01	1.195276e-01	2.097096e-01	
2.046767e-01	2.002402e-01	2.011766e-01	2.024722e-01	2.034371e-01	2.042260e-01	2.049636e-01	2.057667e-01	2.067662e-01	2.081308e-01	2.091337e-01	
1.152539e-01	1.996735e-01	1.142415e-01	1.146195e-01	1.149123e-01	1.151572e-01	1.153846e-01	1.156234e-01	1.159060e-01	1.162724e-01	1.162889e-01	
1.121442e-01	1.987186e-01	1.130978e-01	1.127512e-01	1.125282e-01	1.123624e-01	1.122027e-01	1.120025e-01	1.117095e-01	1.112552e-01	1.111528e-01	
1.937670e-01	1.981518e-01	1.971637e-01	1.959209e-01	1.950785e-01	1.944283e-01	1.938093e-01	1.930740e-01	1.920565e-01	1.905379e-01	1.893492e-01	
1.089881e-01	1.099832e-01	1.099594e-01	1.096530e-01	1.094453e-01	1.092790e-01	1.091088e-01	1.088924e-01	1.085823e-01	1.081148e-01	1.887577e-01	
1.058006e-01	1.047412e-01	1.048349e-01	1.053309e-01	1.056693e-01	1.059128e-01	1.061086e-01	1.062989e-01	1.065300e-01	1.068632e-01	1.877609e-01	
1.825842e-01	1.779739e-01	1.791950e-01	1.807708e-01	1.818422e-01	1.826276e-01	1.832915e-01	1.839812e-01	1.848603e-01	1.861459e-01	1.871693e-01	
1.025403e-01	1.773587e-01	1.016167e-01	1.020996e-01	1.024270e-01	1.026607e-01	1.028468e-01	1.030265e-01	1.032452e-01	1.035629e-01	1.035845e-01	
9.922294e-02	1.763220e-01	1.003169e-01	9.996523e-02	9.972430e-02	9.952895e-02	9.932947e-02	9.908104e-02	9.873376e-02	9.822297e-02	9.812639e-02	
1.709459e-01	1.757066e-01	1.746344e-01	1.732864e-01	1.723665e-01	1.716483e-01	1.709611e-01	1.701508e-01	1.690466e-01	1.674218e-01	1.661617e-01	
9.583728e-02	9.692172e-02	9.689546e-02	9.655694e-02	9.632472e-02	9.613623e-02	9.594351e-02	9.570342e-02	9.536795e-02	9.487282e-02	1.655241e-01	
9.239968e-02	9.126584e-02	9.136180e-02	9.188107e-02	9.223452e-02	9.248879e-02	9.269516e-02	9.289976e-02	9.315388e-02	9.352497e-02	1.644496e-01	
1.588857e-01	1.539380e-01	1.552308e-01	1.568963e-01	1.580286e-01	1.588619e-01	1.595731e-01	1.603211e-01	1.612828e-01	1.626923e-01	1.638118e-01	
8.889781e-02	1.532796e-01	8.789277e-02	8.839694e-02	8.873880e-02	8.898481e-02	8.918466e-02	8.938305e-02	8.962965e-02	8.998934e-02	9.002037e-02	
8.534862e-02	1.521702e-01	8.650115e-02	8.611091e-02	8.584392e-02	8.563069e-02	8.541844e-02	8.515971e-02	8.480172e-02	8.427594e-02	8.418085e-02	
1.464339e-01	1.515117e-01	1.503478e-01	1.488801e-01	1.478790e-01	1.471031e-01	1.463703e-01	1.455165e-01	1.443597e-01	1.426585e-01	1.413364e-01	
8.173981e-02	8.289731e-02	8.286149e-02	8.248139e-02	8.222096e-02	8.201324e-02	8.180691e-02	8.155583e-02	8.120871e-02	8.069698e-02	1.406592e-01	
7.808883e-02	7.689032e-02	7.698424e-02	7.751501e-02	7.787652e-02	7.813904e-02	7.835663e-02	7.857796e-02	7.885714e-02	7.926547e-02	1.395179e-01	
1.336250e-01	1.283917e-01	1.297394e-01	1.314717e-01	1.326499e-01	1.335218e-01	1.342744e-01	1.350760e-01	1.361137e-01	1.376355e-01	1.388406e-01	
7.438303e-02	1.276974e-01	7.330529e-02	7.382322e-02	7.417475e-02	7.443030e-02	7.464260e-02	7.485909e-02	7.513256e-02	7.553188e-02	7.557233e-02	
7.064030e-02	1.265275e-01	7.183781e-02	7.141267e-02	7.112232e-02	7.089373e-02	7.067154e-02	7.040597e-02	7.004174e-02	6.950709e-02	6.941443e-02	
1.204942e-01	1.258332e-01	1.245902e-01	1.230189e-01	1.219479e-01	1.211233e-01	1.203534e-01	1.194658e-01	1.182691e-01	1.165096e-01	1.151396e-01	
6.684716e-02	6.806466e-02	6.801965e-02	6.760284e-02	6.731795e-02	6.709415e-02	6.687709e-02	6.661792e-02	6.626248e-02	6.573875e-02	1.144302e-01	
6.302188e-02	6.177077e-02	6.186203e-02	6.240062e-02	6.276851e-02	6.303842e-02	6.326610e-02	6.350177e-02	6.380159e-02	6.424016e-02	1.132347e-01	
1.070737e-01	1.016085e-01	1.029986e-01	1.047837e-01	1.060001e-01	1.069055e-01	1.076940e-01	1.085404e-01	1.096397e-01	1.112513e-01	1.125252e-01	
5.915186e-02	1.008853e-01	5.801105e-02	5.854089e-02	5.890432e-02	5.917275e-02	5.939942e-02	5.963248e-02	5.992639e-02	6.035348e-02	6.039855e-02	
5.525569e-02	9.966664e-02	5.648007e-02	5.603057e-02	5.573231e-02	5.550409e-02	5.528402e-02	5.501705e-02	5.464389e-02	5.409028e-02	5.399144e-02	
9.340447e-02	9.894337e-02	9.762644e-02	9.598100e-02	9.487885e-02	9.404398e-02	9.326706e-02	9.236131e-02	9.112311e-02	8.928939e-02	8.786216e-02	
5.127893e-02	5.251112e-02	5.244777e-02	5.204237e-02	5.178628e-02	5.159521e-02	5.140477e-02	5.115707e-02	5.078782e-02	5.021179e-02	8.712692e-02	
4.724038e-02	4.583681e-02	4.592580e-02	4.658343e-02	4.707333e-02	4.745315e-02	4.776870e-02	4.805957e-02	4.836530e-02	4.873176e-02	8.588796e-02	
7.923595e-02	7.323304e-02	7.475685e-02	7.684583e-02	7.835787e-02	7.952358e-02	8.051985e-02	8.150140e-02	8.262856e-02	8.409652e-02	8.515264e-02	
4.355155e-02	7.243905e-02	4.163773e-02	4.251968e-02	4.316714e-02	4.366643e-02	4.409314e-02	4.451358e-02	4.499638e-02	4.562084e-02	4.543578e-02	
4.023114e-02	7.110105e-02	3.959331e-02	3.985890e-02	4.007496e-02	4.024184e-02	4.038447e-02	4.052500e-02	4.068638e-02	4.089364e-02	4.073333e-02	
6.757848e-02	7.030681e-02	6.757581e-02	6.751655e-02	6.751685e-02	6.751760e-02	6.751824e-02	6.751888e-02	6.751962e-02	6.752100e-02	6.754160e-02	
