2.906759e-01	2.907253e-01	2.907558e-01	2.907582e-01	2.907593e-01	2.907602e-01	2.907611e-01	2.907620e-01	2.907620e-01	2.906796e-01	2.876877e-01	
1.641318e-01	1.636108e-01	1.634635e-01	1.637244e-01	1.639209e-01	1.640817e-01	1.642321e-01	1.643959e-01	1.645992e-01	1.648321e-01	2.868682e-01	
1.606139e-01	1.586247e-01	1.584974e-01	1.592818e-01	1.598696e-01	1.603503e-01	1.608000e-01	1.612899e-01	1.618994e-01	1.627140e-01	2.854872e-01	
2.783255e-01	2.720128e-01	2.733440e-01	2.751860e-01	2.765580e-01	2.776802e-01	2.787298e-01	2.798733e-01	2.812966e-01	2.832398e-01	2.846676e-01	
1.566326e-01	2.712066e-01	1.551909e-01	1.557278e-01	1.561438e-01	1.564920e-01	1.568157e-01	1.571560e-01	1.575590e-01	1.580816e-01	1.581056e-01	
1.522084e-01	2.698481e-01	1.535635e-01	1.530691e-01	1.527510e-01	1.525147e-01	1.522876e-01	1.520034e-01	1.515878e-01	1.509433e-01	1.507985e-01	
2.628051e-01	2.690417e-01	2.676343e-01	2.658637e-01	2.646635e-01	2.637376e-01	2.628572e-01	2.618124e-01	2.603673e-01	2.582106e-01	2.565221e-01	
1.477191e-01	1.491347e-01	1.490999e-01	1.486619e-01	1.483650e-01	1.481277e-01	1.478854e-01	1.475782e-01	1.471383e-01	1.464753e-01	2.556811e-01	
1.431870e-01	1.416816e-01	1.418135e-01	1.425157e-01	1.429950e-01	1.433401e-01	1.436184e-01	1.438896e-01	1.442196e-01	1.446953e-01	2.542639e-01	
2.469060e-01	2.403543e-01	2.420864e-01	2.443211e-01	2.458406e-01	2.469553e-01	2.478989e-01	2.488807e-01	2.501333e-01	2.519652e-01	2.534226e-01	
1.385530e-01	2.394804e-01	1.372378e-01	1.379215e-01	1.383850e-01	1.387164e-01	1.389811e-01	1.392375e-01	1.395506e-01	1.400054e-01	1.400374e-01	
1.338406e-01	2.380077e-01	1.353911e-01	1.348887e-01	1.345445e-01	1.342662e-01	1.339831e-01	1.336316e-01	1.331410e-01	1.324195e-01	1.322840e-01	
2.303743e-01	2.371336e-01	2.356071e-01	2.336869e-01	2.323765e-01	2.313548e-01	2.303790e-01	2.292308e-01	2.276673e-01	2.253670e-01	2.235827e-01	
1.290335e-01	1.305735e-01	1.305345e-01	1.300496e-01	1.297169e-01	1.294478e-01	1.291739e-01	1.288341e-01	1.283602e-01	1.276608e-01	2.226779e-01	
1.241560e-01	1.225486e-01	1.226826e-01	1.234141e-01	1.239121e-01	1.242710e-01	1.245635e-01	1.248549e-01	1.252179e-01	1.257480e-01	2.211533e-01	
2.132631e-01	2.062487e-01	2.080761e-01	2.104293e-01	2.120294e-01	2.132083e-01	2.142168e-01	2.152802e-01	2.166492e-01	2.186557e-01	2.202484e-01	
1.191903e-01	2.053160e-01	1.177611e-01	1.184715e-01	1.189533e-01	1.193008e-01	1.195844e-01	1.198676e-01	1.202209e-01	1.207363e-01	1.207824e-01	
1.141617e-01	2.037441e-01	1.157891e-01	1.152317e-01	1.148505e-01	1.145471e-01	1.142468e-01	1.138825e-01	1.133795e-01	1.126410e-01	1.125088e-01	
1.956218e-01	2.028111e-01	2.011569e-01	1.990694e-01	1.976456e-01	1.965438e-01	1.955063e-01	1.943009e-01	1.926697e-01	1.902712e-01	1.884064e-01	
1.090524e-01	1.106915e-01	1.106383e-01	1.100937e-01	1.097207e-01	1.094243e-01	1.091319e-01	1.087781e-01	1.082902e-01	1.075711e-01	1.874484e-01	
1.038881e-01	1.021949e-01	1.023247e-01	1.030680e-01	1.035743e-01	1.039429e-01	1.042502e-01	1.045648e-01	1.049631e-01	1.055459e-01	1.858342e-01	
1.775049e-01	1.701106e-01	1.720072e-01	1.744436e-01	1.761010e-01	1.773293e-01	1.783929e-01	1.795295e-01	1.810037e-01	1.831655e-01	1.848761e-01	
9.865093e-02	1.691305e-01	9.712217e-02	9.784789e-02	9.834059e-02	9.869982e-02	9.900018e-02	9.930878e-02	9.970026e-02	1.002721e-01	1.003322e-01	
9.336707e-02	1.674789e-01	9.505010e-02	9.444393e-02	9.403008e-02	9.370561e-02	9.339253e-02	9.302071e-02	9.251229e-02	9.176612e-02	9.163871e-02	
1.589681e-01	1.664986e-01	1.647369e-01	1.625080e-01	1.609889e-01	1.598215e-01	1.587357e-01	1.574882e-01	1.558091e-01	1.533411e-01	1.514179e-01	
8.801729e-02	8.973497e-02	8.966812e-02	8.907181e-02	8.866431e-02	8.834568e-02	8.803917e-02	8.767581e-02	8.717917e-02	8.644759e-02	1.504185e-01	
8.262842e-02	8.086852e-02	8.099326e-02	8.174228e-02	8.225404e-02	8.263077e-02	8.295081e-02	8.328476e-02	8.371157e-02	8.433613e-02	1.487345e-01	
1.400629e-01	1.323742e-01	1.343201e-01	1.368172e-01	1.385191e-01	1.397882e-01	1.408978e-01	1.420937e-01	1.436503e-01	1.459325e-01	1.477350e-01	
7.718245e-02	1.313577e-01	7.557003e-02	7.630777e-02	7.681402e-02	7.718930e-02	7.750864e-02	7.783989e-02	7.825977e-02	7.887019e-02	7.893739e-02	
7.170656e-02	1.296450e-01	7.341807e-02	7.277903e-02	7.235501e-02	7.203209e-02	7.172347e-02	7.135203e-02	7.083464e-02	7.006725e-02	6.993255e-02	
1.208523e-01	1.286285e-01	1.267694e-01	1.244439e-01	1.228863e-01	1.217089e-01	1.206182e-01	1.193519e-01	1.176244e-01	1.150665e-01	1.130741e-01	
6.612416e-02	6.785479e-02	6.776197e-02	6.718289e-02	6.681666e-02	6.654478e-02	6.627679e-02	6.593139e-02	6.541833e-02	6.461812e-02	1.120434e-01	
6.046262e-02	5.849852e-02	5.861920e-02	5.953035e-02	6.020989e-02	6.073825e-02	6.117945e-02	6.158884e-02	6.202183e-02	6.254292e-02	1.103065e-01	
1.009907e-01	9.258847e-02	9.471123e-02	9.762069e-02	9.972761e-02	1.013545e-01	1.027489e-01	1.041275e-01	1.057151e-01	1.077857e-01	1.092757e-01	
5.529554e-02	9.147820e-02	5.261227e-02	5.384055e-02	5.474279e-02	5.543965e-02	5.603694e-02	5.662748e-02	5.730756e-02	5.818849e-02	5.793304e-02	
5.064999e-02	8.960722e-02	4.975566e-02	5.012535e-02	5.042644e-02	5.065937e-02	5.085902e-02	5.105643e-02	5.128376e-02	5.157618e-02	5.135272e-02	
8.468151e-02	8.849661e-02	8.467777e-02	8.459490e-02	8.459531e-02	8.459636e-02	8.459726e-02	8.459816e-02	8.459919e-02	8.460114e-02	8.462995e-02	
