2.677806e-01	2.678255e-01	2.678533e-01	2.678554e-01	2.678564e-01	2.678573e-01	2.678580e-01	2.678589e-01	2.678589e-01	2.677840e-01	2.650670e-01	
1.512253e-01	1.507521e-01	1.506184e-01	1.508554e-01	1.510339e-01	1.511800e-01	1.513165e-01	1.514653e-01	1.516498e-01	1.518613e-01	2.643227e-01	
1.480306e-01	1.462241e-01	1.461086e-01	1.468212e-01	1.473551e-01	1.477917e-01	1.482001e-01	1.486448e-01	1.491982e-01	1.499379e-01	2.630687e-01	
2.565647e-01	2.508316e-01	2.520409e-01	2.537143e-01	2.549605e-01	2.559798e-01	2.569330e-01	2.579713e-01	2.592636e-01	2.610279e-01	2.623243e-01	
1.444149e-01	2.500995e-01	1.431060e-01	1.435939e-01	1.439719e-01	1.442882e-01	1.445821e-01	1.448910e-01	1.452567e-01	1.457310e-01	1.457526e-01	
1.403968e-01	2.488656e-01	1.416280e-01	1.411794e-01	1.408907e-01	1.406762e-01	1.404699e-01	1.402116e-01	1.398338e-01	1.392479e-01	1.391161e-01	
2.424685e-01	2.481332e-01	2.468555e-01	2.452481e-01	2.441586e-01	2.433179e-01	2.425183e-01	2.415689e-01	2.402557e-01	2.382958e-01	2.367615e-01	
1.363192e-01	1.376050e-01	1.375736e-01	1.371765e-01	1.369072e-01	1.366919e-01	1.364719e-01	1.361927e-01	1.357928e-01	1.351901e-01	2.359975e-01	
1.322023e-01	1.308346e-01	1.309548e-01	1.315936e-01	1.320295e-01	1.323433e-01	1.325961e-01	1.328423e-01	1.331417e-01	1.335732e-01	2.347101e-01	
2.280255e-01	2.220729e-01	2.236476e-01	2.256793e-01	2.270608e-01	2.280740e-01	2.289312e-01	2.298227e-01	2.309598e-01	2.326227e-01	2.339459e-01	
1.279923e-01	2.212788e-01	1.267982e-01	1.274202e-01	1.278418e-01	1.281431e-01	1.283835e-01	1.286161e-01	1.289000e-01	1.293122e-01	1.293408e-01	
1.237103e-01	2.199406e-01	1.251203e-01	1.246646e-01	1.243524e-01	1.240997e-01	1.238424e-01	1.235226e-01	1.230760e-01	1.224192e-01	1.222955e-01	
2.130033e-01	2.191463e-01	2.177602e-01	2.160170e-01	2.148273e-01	2.138994e-01	2.130126e-01	2.119684e-01	2.105462e-01	2.084537e-01	2.068306e-01	
1.193415e-01	1.207410e-01	1.207061e-01	1.202666e-01	1.199652e-01	1.197210e-01	1.194722e-01	1.191631e-01	1.187317e-01	1.180950e-01	2.060082e-01	
1.149078e-01	1.134462e-01	1.135687e-01	1.142352e-01	1.146889e-01	1.150157e-01	1.152817e-01	1.155463e-01	1.158755e-01	1.163563e-01	2.046223e-01	
1.974487e-01	1.910707e-01	1.927340e-01	1.948760e-01	1.963325e-01	1.974052e-01	1.983220e-01	1.992881e-01	2.005312e-01	2.023532e-01	2.037997e-01	
1.103930e-01	1.902224e-01	1.090947e-01	1.097420e-01	1.101809e-01	1.104972e-01	1.107550e-01	1.110120e-01	1.113321e-01	1.117991e-01	1.118404e-01	
1.058197e-01	1.887929e-01	1.073014e-01	1.067958e-01	1.064500e-01	1.061744e-01	1.059012e-01	1.055692e-01	1.051105e-01	1.044370e-01	1.043160e-01	
1.814046e-01	1.879444e-01	1.864415e-01	1.845454e-01	1.832522e-01	1.822509e-01	1.813071e-01	1.802096e-01	1.787237e-01	1.765389e-01	1.748405e-01	
1.011719e-01	1.026629e-01	1.026152e-01	1.021217e-01	1.017837e-01	1.015148e-01	1.012489e-01	1.009265e-01	1.004816e-01	9.982586e-02	1.739688e-01	
9.647274e-02	9.493137e-02	9.505043e-02	9.572898e-02	9.619121e-02	9.652743e-02	9.680718e-02	9.709299e-02	9.745442e-02	9.798316e-02	1.724999e-01	
1.649189e-01	1.581881e-01	1.599167e-01	1.621379e-01	1.636488e-01	1.647679e-01	1.657360e-01	1.667695e-01	1.681090e-01	1.700733e-01	1.716281e-01	
9.170581e-02	1.572957e-01	9.031601e-02	9.097842e-02	9.142811e-02	9.175566e-02	9.202895e-02	9.230905e-02	9.266388e-02	9.318211e-02	9.323594e-02	
8.689475e-02	1.557918e-01	8.842945e-02	8.787931e-02	8.750366e-02	8.720875e-02	8.692351e-02	8.658403e-02	8.611937e-02	8.543739e-02	8.532036e-02	
1.480405e-01	1.548992e-01	1.532973e-01	1.512710e-01	1.498899e-01	1.488280e-01	1.478390e-01	1.467015e-01	1.451695e-01	1.429175e-01	1.411632e-01	
8.202210e-02	8.358642e-02	8.352655e-02	8.298595e-02	8.261650e-02	8.232718e-02	8.204812e-02	8.171652e-02	8.126277e-02	8.059433e-02	1.402526e-01	
7.711198e-02	7.550765e-02	7.562246e-02	7.630785e-02	7.677610e-02	7.712040e-02	7.741223e-02	7.771592e-02	7.810349e-02	7.867054e-02	1.387181e-01	
1.308146e-01	1.238058e-01	1.255825e-01	1.278632e-01	1.294174e-01	1.305757e-01	1.315870e-01	1.326756e-01	1.340916e-01	1.361674e-01	1.378074e-01	
7.214805e-02	1.228790e-01	7.068047e-02	7.135528e-02	7.181827e-02	7.216107e-02	7.245203e-02	7.275298e-02	7.313381e-02	7.368737e-02	7.374749e-02	
6.715480e-02	1.213172e-01	6.871825e-02	6.813773e-02	6.775254e-02	6.745872e-02	6.717710e-02	6.683727e-02	6.636335e-02	6.566038e-02	6.553629e-02	
1.132969e-01	1.203903e-01	1.186975e-01	1.165809e-01	1.151631e-01	1.140907e-01	1.130958e-01	1.119391e-01	1.103600e-01	1.080217e-01	1.062009e-01	
6.206238e-02	6.364082e-02	6.355733e-02	6.303208e-02	6.270003e-02	6.245311e-02	6.220884e-02	6.189307e-02	6.142345e-02	6.069095e-02	1.052602e-01	
5.689549e-02	5.510193e-02	5.521329e-02	5.604808e-02	5.667043e-02	5.715386e-02	5.755687e-02	5.792999e-02	5.832383e-02	5.879718e-02	1.036751e-01	
9.517033e-02	8.749824e-02	8.943959e-02	9.210058e-02	9.402727e-02	9.551422e-02	9.678746e-02	9.804484e-02	9.949148e-02	1.013773e-01	1.027343e-01	
5.217858e-02	8.648413e-02	4.972986e-02	5.085326e-02	5.167831e-02	5.231521e-02	5.286059e-02	5.339919e-02	5.401887e-02	5.482117e-02	5.458684e-02	
4.793613e-02	8.477519e-02	4.711999e-02	4.745817e-02	4.773350e-02	4.794638e-02	4.812868e-02	4.830872e-02	4.851586e-02	4.878217e-02	4.857785e-02	
8.027608e-02	8.376077e-02	8.027266e-02	8.019697e-02	8.019735e-02	8.019830e-02	8.019913e-02	8.019995e-02	8.020089e-02	8.020266e-02	8.022898e-02	
