2.372372e-01	2.372763e-01	2.373004e-01	2.373022e-01	2.373031e-01	2.373039e-01	2.373046e-01	2.373053e-01	2.373053e-01	2.372401e-01	2.348743e-01	
1.339989e-01	1.335869e-01	1.334705e-01	1.336769e-01	1.338324e-01	1.339596e-01	1.340785e-01	1.342080e-01	1.343686e-01	1.345527e-01	2.342262e-01	
1.312171e-01	1.296441e-01	1.295437e-01	1.301644e-01	1.306294e-01	1.310097e-01	1.313652e-01	1.317524e-01	1.322341e-01	1.328780e-01	2.331343e-01	
2.274708e-01	2.224785e-01	2.235319e-01	2.249895e-01	2.260751e-01	2.269628e-01	2.277928e-01	2.286966e-01	2.298216e-01	2.313575e-01	2.324862e-01	
1.280688e-01	2.218409e-01	1.269293e-01	1.273545e-01	1.276838e-01	1.279593e-01	1.282152e-01	1.284840e-01	1.288022e-01	1.292148e-01	1.292335e-01	
1.245696e-01	2.207664e-01	1.256423e-01	1.252520e-01	1.250009e-01	1.248143e-01	1.246345e-01	1.244094e-01	1.240800e-01	1.235692e-01	1.234542e-01	
2.151950e-01	2.201286e-01	2.190164e-01	2.176174e-01	2.166692e-01	2.159373e-01	2.152409e-01	2.144137e-01	2.132694e-01	2.115614e-01	2.102244e-01	
1.210184e-01	1.221382e-01	1.221111e-01	1.217660e-01	1.215319e-01	1.213447e-01	1.211531e-01	1.209097e-01	1.205611e-01	1.200355e-01	2.095590e-01	
1.174324e-01	1.162407e-01	1.163458e-01	1.169032e-01	1.172835e-01	1.175572e-01	1.177775e-01	1.179917e-01	1.182521e-01	1.186273e-01	2.084375e-01	
2.026141e-01	1.974280e-01	1.988009e-01	2.005725e-01	2.017770e-01	2.026602e-01	2.034070e-01	2.041832e-01	2.051728e-01	2.066201e-01	2.077719e-01	
1.137647e-01	1.967361e-01	1.127252e-01	1.132679e-01	1.136358e-01	1.138985e-01	1.141079e-01	1.143102e-01	1.145568e-01	1.149149e-01	1.149394e-01	
1.100335e-01	1.955700e-01	1.112632e-01	1.108670e-01	1.105956e-01	1.103757e-01	1.101514e-01	1.098723e-01	1.094823e-01	1.089087e-01	1.088004e-01	
1.895240e-01	1.948779e-01	1.936711e-01	1.921538e-01	1.911183e-01	1.903102e-01	1.895373e-01	1.886266e-01	1.873857e-01	1.855599e-01	1.841439e-01	
1.062260e-01	1.074456e-01	1.074157e-01	1.070341e-01	1.067723e-01	1.065599e-01	1.063432e-01	1.060734e-01	1.056966e-01	1.051406e-01	1.834269e-01	
1.023607e-01	1.010861e-01	1.011936e-01	1.017763e-01	1.021730e-01	1.024584e-01	1.026904e-01	1.029207e-01	1.032070e-01	1.036250e-01	1.822187e-01	
1.759636e-01	1.704017e-01	1.718538e-01	1.737243e-01	1.749961e-01	1.759323e-01	1.767318e-01	1.775733e-01	1.786556e-01	1.802419e-01	1.815016e-01	
9.842390e-02	1.696617e-01	9.729313e-02	9.785894e-02	9.824262e-02	9.851888e-02	9.874362e-02	9.896706e-02	9.924508e-02	9.965061e-02	9.968595e-02	
9.443475e-02	1.684148e-01	9.572893e-02	9.528935e-02	9.498863e-02	9.474868e-02	9.451022e-02	9.421991e-02	9.381848e-02	9.322892e-02	9.312260e-02	
1.619685e-01	1.676747e-01	1.663654e-01	1.647140e-01	1.635876e-01	1.627150e-01	1.618915e-01	1.609328e-01	1.596343e-01	1.577248e-01	1.562407e-01	
9.037943e-02	9.168024e-02	9.163943e-02	9.121090e-02	9.091730e-02	9.068339e-02	9.045147e-02	9.016969e-02	8.978038e-02	8.920651e-02	1.554798e-01	
8.627777e-02	8.493174e-02	8.503660e-02	8.563126e-02	8.603630e-02	8.633063e-02	8.657497e-02	8.682396e-02	8.713835e-02	8.759822e-02	1.541977e-01	
1.475787e-01	1.417011e-01	1.432130e-01	1.451562e-01	1.464778e-01	1.474563e-01	1.483015e-01	1.492027e-01	1.503699e-01	1.520816e-01	1.534367e-01	
8.211551e-02	1.409216e-01	8.090378e-02	8.148415e-02	8.187808e-02	8.216469e-02	8.240321e-02	8.264695e-02	8.295519e-02	8.340533e-02	8.345140e-02	
7.791297e-02	1.396079e-01	7.925595e-02	7.877728e-02	7.845040e-02	7.819334e-02	7.794399e-02	7.764647e-02	7.723875e-02	7.664030e-02	7.653699e-02	
1.328349e-01	1.388283e-01	1.374311e-01	1.356645e-01	1.344604e-01	1.335338e-01	1.326695e-01	1.316741e-01	1.303326e-01	1.283604e-01	1.268245e-01	
7.365498e-02	7.502179e-02	7.497054e-02	7.450081e-02	7.417976e-02	7.392789e-02	7.368414e-02	7.339368e-02	7.299571e-02	7.240933e-02	1.260284e-01	
6.936226e-02	6.795883e-02	6.806041e-02	6.866270e-02	6.907413e-02	6.937626e-02	6.963161e-02	6.989650e-02	7.023393e-02	7.072755e-02	1.246869e-01	
1.177747e-01	1.116439e-01	1.132011e-01	1.152006e-01	1.165631e-01	1.175777e-01	1.184623e-01	1.194129e-01	1.206483e-01	1.224593e-01	1.238907e-01	
6.502062e-02	1.108329e-01	6.373926e-02	6.433196e-02	6.473855e-02	6.503915e-02	6.529352e-02	6.555571e-02	6.588680e-02	6.636798e-02	6.641936e-02	
6.065116e-02	1.094662e-01	6.202224e-02	6.151656e-02	6.118102e-02	6.092460e-02	6.067794e-02	6.037937e-02	5.996241e-02	5.934387e-02	5.923394e-02	
1.024451e-01	1.086550e-01	1.071763e-01	1.053282e-01	1.040903e-01	1.031531e-01	1.022821e-01	1.012678e-01	9.988193e-02	9.782965e-02	9.623200e-02	
5.619278e-02	5.757440e-02	5.750253e-02	5.704585e-02	5.675729e-02	5.654227e-02	5.632863e-02	5.605143e-02	5.563861e-02	5.499465e-02	9.540801e-02	
5.166678e-02	5.009457e-02	5.019341e-02	5.092807e-02	5.147553e-02	5.190030e-02	5.225369e-02	5.258001e-02	5.292360e-02	5.333589e-02	9.401950e-02	
8.656667e-02	7.984206e-02	8.154688e-02	8.388385e-02	8.557561e-02	8.688043e-02	8.799646e-02	8.909705e-02	9.036188e-02	9.200979e-02	9.319544e-02	
4.753362e-02	7.895286e-02	4.538874e-02	4.637538e-02	4.709980e-02	4.765868e-02	4.813670e-02	4.860813e-02	4.914991e-02	4.985095e-02	4.964442e-02	
4.381446e-02	7.745439e-02	4.309960e-02	4.339668e-02	4.363843e-02	4.382523e-02	4.398501e-02	4.414259e-02	4.432368e-02	4.455637e-02	4.437698e-02	
7.350936e-02	7.656490e-02	7.350637e-02	7.344001e-02	7.344034e-02	7.344118e-02	7.344190e-02	7.344262e-02	7.344344e-02	7.344499e-02	7.346807e-02	
