2.190650e-01	2.191008e-01	2.191229e-01	2.191245e-01	2.191254e-01	2.191260e-01	2.191267e-01	2.191273e-01	2.191273e-01	2.190677e-01	2.169032e-01	
1.237457e-01	1.233687e-01	1.232623e-01	1.234511e-01	1.235934e-01	1.237098e-01	1.238186e-01	1.239370e-01	1.240840e-01	1.242523e-01	2.163103e-01	
1.212006e-01	1.197614e-01	1.196696e-01	1.202376e-01	1.206631e-01	1.210111e-01	1.213363e-01	1.216905e-01	1.221312e-01	1.227202e-01	2.153112e-01	
2.101295e-01	2.055619e-01	2.065259e-01	2.078598e-01	2.088531e-01	2.096654e-01	2.104247e-01	2.112516e-01	2.122808e-01	2.136857e-01	2.147183e-01	
1.183201e-01	2.049785e-01	1.172777e-01	1.176669e-01	1.179683e-01	1.182204e-01	1.184545e-01	1.187004e-01	1.189914e-01	1.193687e-01	1.193857e-01	
1.151185e-01	2.039953e-01	1.161002e-01	1.157433e-01	1.155137e-01	1.153430e-01	1.151785e-01	1.149724e-01	1.146708e-01	1.142032e-01	1.140978e-01	
1.988975e-01	2.034118e-01	2.023944e-01	2.011148e-01	2.002474e-01	1.995779e-01	1.989407e-01	1.981837e-01	1.971362e-01	1.955729e-01	1.943492e-01	
1.118691e-01	1.128937e-01	1.128691e-01	1.125536e-01	1.123397e-01	1.121684e-01	1.119932e-01	1.117704e-01	1.114512e-01	1.109700e-01	1.937403e-01	
1.085876e-01	1.074970e-01	1.075934e-01	1.081039e-01	1.084522e-01	1.087028e-01	1.089044e-01	1.091004e-01	1.093384e-01	1.096814e-01	1.927141e-01	
1.873847e-01	1.826385e-01	1.838954e-01	1.855175e-01	1.866203e-01	1.874289e-01	1.881123e-01	1.888223e-01	1.897275e-01	1.910513e-01	1.921049e-01	
1.052311e-01	1.820052e-01	1.042802e-01	1.047773e-01	1.051142e-01	1.053548e-01	1.055464e-01	1.057314e-01	1.059566e-01	1.062839e-01	1.063061e-01	
1.018161e-01	1.809379e-01	1.029421e-01	1.025800e-01	1.023318e-01	1.021307e-01	1.019254e-01	1.016697e-01	1.013123e-01	1.007866e-01	1.006873e-01	
1.754037e-01	1.803044e-01	1.792005e-01	1.778125e-01	1.768653e-01	1.761260e-01	1.754185e-01	1.745845e-01	1.734480e-01	1.717757e-01	1.704788e-01	
9.833083e-02	9.944718e-02	9.942007e-02	9.907140e-02	9.883221e-02	9.863810e-02	9.843970e-02	9.819260e-02	9.784736e-02	9.733783e-02	1.698224e-01	
9.479223e-02	9.362514e-02	9.372383e-02	9.425811e-02	9.462179e-02	9.488344e-02	9.509586e-02	9.530652e-02	9.556821e-02	9.595037e-02	1.687163e-01	
1.629891e-01	1.578964e-01	1.592269e-01	1.609408e-01	1.621061e-01	1.629637e-01	1.636958e-01	1.644659e-01	1.654560e-01	1.669073e-01	1.680598e-01	
9.118763e-02	1.572188e-01	9.015291e-02	9.067167e-02	9.102342e-02	9.127659e-02	9.148232e-02	9.168661e-02	9.194061e-02	9.231110e-02	9.234313e-02	
8.753450e-02	1.560768e-01	8.872053e-02	8.831865e-02	8.804371e-02	8.782417e-02	8.760573e-02	8.733953e-02	8.697125e-02	8.643036e-02	8.633260e-02	
1.501728e-01	1.553991e-01	1.542008e-01	1.526898e-01	1.516591e-01	1.508604e-01	1.501061e-01	1.492276e-01	1.480372e-01	1.462867e-01	1.449263e-01	
8.382017e-02	8.501154e-02	8.497455e-02	8.458304e-02	8.431480e-02	8.410090e-02	8.388853e-02	8.363019e-02	8.327308e-02	8.274663e-02	1.442293e-01	
8.006266e-02	7.882927e-02	7.892580e-02	7.947172e-02	7.984355e-02	8.011360e-02	8.033752e-02	8.056538e-02	8.085285e-02	8.127333e-02	1.430548e-01	
1.369901e-01	1.316045e-01	1.329911e-01	1.347733e-01	1.359855e-01	1.368826e-01	1.376571e-01	1.384822e-01	1.395505e-01	1.411171e-01	1.423577e-01	
7.624894e-02	1.308901e-01	7.513956e-02	7.567229e-02	7.603387e-02	7.629677e-02	7.651527e-02	7.673819e-02	7.701984e-02	7.743114e-02	7.747290e-02	
7.239747e-02	1.296862e-01	7.362943e-02	7.319167e-02	7.289270e-02	7.265739e-02	7.242877e-02	7.215562e-02	7.178108e-02	7.123128e-02	7.113608e-02	
1.234779e-01	1.289717e-01	1.276923e-01	1.260749e-01	1.249724e-01	1.241237e-01	1.233315e-01	1.224184e-01	1.211873e-01	1.193775e-01	1.179681e-01	
6.849436e-02	6.974717e-02	6.970071e-02	6.927143e-02	6.897802e-02	6.874760e-02	6.852423e-02	6.825764e-02	6.789212e-02	6.735352e-02	1.172382e-01	
6.455846e-02	6.327128e-02	6.336501e-02	6.391873e-02	6.429697e-02	6.457452e-02	6.480875e-02	6.505133e-02	6.536003e-02	6.581158e-02	1.160082e-01	
1.096693e-01	1.040466e-01	1.054763e-01	1.073122e-01	1.085633e-01	1.094946e-01	1.103059e-01	1.111769e-01	1.123084e-01	1.139670e-01	1.152782e-01	
6.057679e-02	1.033026e-01	5.940275e-02	5.994752e-02	6.032120e-02	6.059726e-02	6.083048e-02	6.107042e-02	6.137310e-02	6.181293e-02	6.185947e-02	
5.656854e-02	1.020489e-01	5.782771e-02	5.736495e-02	5.705790e-02	5.682301e-02	5.659664e-02	5.632216e-02	5.593858e-02	5.536953e-02	5.526804e-02	
9.560692e-02	1.013048e-01	9.994959e-02	9.825623e-02	9.712198e-02	9.626291e-02	9.546370e-02	9.453219e-02	9.325894e-02	9.137335e-02	8.990568e-02	
5.247768e-02	5.374526e-02	5.367992e-02	5.326243e-02	5.299869e-02	5.280197e-02	5.260604e-02	5.235134e-02	5.197173e-02	5.137955e-02	8.914940e-02	
4.832360e-02	4.688005e-02	4.697139e-02	4.764735e-02	4.815093e-02	4.854143e-02	4.886596e-02	4.916522e-02	4.947989e-02	4.985717e-02	8.787500e-02	
8.103314e-02	7.485910e-02	7.642589e-02	7.857376e-02	8.012848e-02	8.132720e-02	8.235187e-02	8.336162e-02	8.452136e-02	8.603188e-02	8.711865e-02	
4.452944e-02	7.404253e-02	4.256086e-02	4.346767e-02	4.413340e-02	4.464683e-02	4.508572e-02	4.551823e-02	4.601498e-02	4.665756e-02	4.646739e-02	
4.111447e-02	7.266647e-02	4.045838e-02	4.073145e-02	4.095361e-02	4.112522e-02	4.127191e-02	4.141648e-02	4.158253e-02	4.179581e-02	4.163096e-02	
6.904369e-02	7.184963e-02	6.904095e-02	6.898001e-02	6.898031e-02	6.898108e-02	6.898175e-02	6.898240e-02	6.898316e-02	6.898458e-02	6.900577e-02	
