5.737763e-01	5.738978e-01	5.739729e-01	5.739786e-01	5.739814e-01	5.739837e-01	5.739858e-01	5.739881e-01	5.739881e-01	5.737854e-01	5.664283e-01	
3.231936e-01	3.219117e-01	3.215481e-01	3.221871e-01	3.226690e-01	3.230638e-01	3.234339e-01	3.238378e-01	3.243396e-01	3.249148e-01	5.644130e-01	
3.145429e-01	3.096518e-01	3.093340e-01	3.112548e-01	3.126951e-01	3.138753e-01	3.149815e-01	3.161889e-01	3.176928e-01	3.197027e-01	5.610173e-01	
5.434141e-01	5.279014e-01	5.311594e-01	5.356681e-01	5.390289e-01	5.417825e-01	5.443636e-01	5.471809e-01	5.506911e-01	5.554830e-01	5.590018e-01	
3.047547e-01	5.259218e-01	3.011991e-01	3.025074e-01	3.035228e-01	3.043759e-01	3.051728e-01	3.060149e-01	3.070152e-01	3.083137e-01	3.083770e-01	
2.938898e-01	5.225857e-01	2.971997e-01	2.959707e-01	2.951798e-01	2.945952e-01	2.940388e-01	2.933485e-01	2.923418e-01	2.907798e-01	2.904328e-01	
5.053090e-01	5.206055e-01	5.171316e-01	5.127548e-01	5.097877e-01	5.075048e-01	5.053453e-01	5.027942e-01	4.992735e-01	4.940202e-01	4.899043e-01	
2.828751e-01	2.863494e-01	2.862545e-01	2.851550e-01	2.844095e-01	2.838184e-01	2.832229e-01	2.824756e-01	2.814101e-01	2.798045e-01	4.878449e-01	
2.717769e-01	2.680989e-01	2.684082e-01	2.700944e-01	2.712458e-01	2.720792e-01	2.727587e-01	2.734301e-01	2.742538e-01	2.754421e-01	4.843743e-01	
4.663848e-01	4.503787e-01	4.545737e-01	4.599804e-01	4.636583e-01	4.663653e-01	4.686721e-01	4.710902e-01	4.741876e-01	4.787176e-01	4.823144e-01	
2.604473e-01	4.482475e-01	2.572035e-01	2.588442e-01	2.599572e-01	2.607580e-01	2.614069e-01	2.620471e-01	2.628375e-01	2.639862e-01	2.640785e-01	
2.489553e-01	4.446562e-01	2.526965e-01	2.514390e-01	2.505783e-01	2.498899e-01	2.492025e-01	2.483619e-01	2.471963e-01	2.454831e-01	2.451713e-01	
4.260794e-01	4.425246e-01	4.387640e-01	4.340218e-01	4.307860e-01	4.282760e-01	4.259018e-01	4.231327e-01	4.193783e-01	4.138572e-01	4.095681e-01	
2.372587e-01	2.410087e-01	2.408948e-01	2.396662e-01	2.388240e-01	2.381517e-01	2.374832e-01	2.366689e-01	2.355425e-01	2.338817e-01	4.073738e-01	
2.254286e-01	2.215455e-01	2.218469e-01	2.235619e-01	2.247303e-01	2.255797e-01	2.262851e-01	2.270040e-01	2.279117e-01	2.292386e-01	4.036760e-01	
3.845878e-01	3.676393e-01	3.719934e-01	3.775896e-01	3.813969e-01	3.842170e-01	3.866557e-01	3.892577e-01	3.926287e-01	3.975705e-01	4.014812e-01	
2.134194e-01	3.653920e-01	2.099169e-01	2.115841e-01	2.127160e-01	2.135408e-01	2.142295e-01	2.149360e-01	2.158312e-01	2.171382e-01	2.172736e-01	
2.013039e-01	3.616049e-01	2.051619e-01	2.037691e-01	2.028176e-01	2.020718e-01	2.013532e-01	2.005014e-01	1.993378e-01	1.976305e-01	1.973408e-01	
3.420951e-01	3.593573e-01	3.553138e-01	3.501941e-01	3.467030e-01	3.440213e-01	3.415303e-01	3.386736e-01	3.348324e-01	3.291877e-01	3.247887e-01	
1.890371e-01	1.929771e-01	1.928206e-01	1.914408e-01	1.904965e-01	1.897593e-01	1.890540e-01	1.882232e-01	1.870915e-01	1.854257e-01	3.224989e-01	
1.766927e-01	1.726677e-01	1.729445e-01	1.746362e-01	1.757897e-01	1.766404e-01	1.773689e-01	1.781382e-01	1.791293e-01	1.805810e-01	3.186403e-01	
2.987993e-01	2.812152e-01	2.856392e-01	2.913068e-01	2.951647e-01	2.980452e-01	3.005770e-01	3.033258e-01	3.069204e-01	3.121934e-01	3.163502e-01	
1.642251e-01	2.788934e-01	1.605220e-01	1.621791e-01	1.633058e-01	1.641393e-01	1.648581e-01	1.656224e-01	1.666110e-01	1.680563e-01	1.682328e-01	
1.517087e-01	2.749811e-01	1.556100e-01	1.541067e-01	1.530818e-01	1.522934e-01	1.515586e-01	1.507130e-01	1.495738e-01	1.479039e-01	1.476406e-01	
2.549000e-01	2.726592e-01	2.684086e-01	2.630084e-01	2.593291e-01	2.565278e-01	2.539678e-01	2.510765e-01	2.472177e-01	2.415497e-01	2.371190e-01	
1.390957e-01	1.431517e-01	1.429560e-01	1.414546e-01	1.404296e-01	1.396445e-01	1.389176e-01	1.380855e-01	1.369671e-01	1.353224e-01	2.347758e-01	
1.264609e-01	1.223641e-01	1.226134e-01	1.242597e-01	1.253861e-01	1.262297e-01	1.269721e-01	1.277772e-01	1.288279e-01	1.303681e-01	2.308273e-01	
2.105846e-01	1.926742e-01	1.970971e-01	2.027524e-01	2.066097e-01	2.095138e-01	2.121011e-01	2.149449e-01	2.186848e-01	2.241707e-01	2.284840e-01	
1.137593e-01	1.903181e-01	1.099188e-01	1.115506e-01	1.126728e-01	1.135203e-01	1.142692e-01	1.150788e-01	1.161293e-01	1.176593e-01	1.178589e-01	
1.010656e-01	1.863481e-01	1.049278e-01	1.033640e-01	1.023264e-01	1.015531e-01	1.008455e-01	1.000271e-01	9.890790e-02	9.724979e-02	9.698529e-02	
1.660622e-01	1.839920e-01	1.795888e-01	1.740529e-01	1.703442e-01	1.675705e-01	1.650556e-01	1.621962e-01	1.583352e-01	1.526238e-01	1.481586e-01	
8.820135e-02	9.220002e-02	9.194199e-02	9.049451e-02	8.957405e-02	8.890610e-02	8.828114e-02	8.751137e-02	8.638893e-02	8.463990e-02	1.457988e-01	
7.524073e-02	7.078440e-02	7.101466e-02	7.297849e-02	7.445200e-02	7.561524e-02	7.661198e-02	7.756755e-02	7.860873e-02	7.988503e-02	1.418225e-01	
1.206039e-01	1.015177e-01	1.062250e-01	1.126698e-01	1.173483e-01	1.209901e-01	1.241567e-01	1.273419e-01	1.310610e-01	1.359450e-01	1.394628e-01	
6.345981e-02	9.900771e-02	5.731345e-02	6.003337e-02	6.203746e-02	6.359791e-02	6.495477e-02	6.631969e-02	6.791345e-02	6.999253e-02	6.945293e-02	
5.292982e-02	9.477824e-02	5.088067e-02	5.169700e-02	5.236596e-02	5.288769e-02	5.334137e-02	5.379776e-02	5.433068e-02	5.502115e-02	5.452416e-02	
8.364380e-02	9.226776e-02	8.363521e-02	8.344780e-02	8.344868e-02	8.345102e-02	8.345307e-02	8.345514e-02	8.345757e-02	8.346209e-02	8.352724e-02	
