4.493841e-01	4.494702e-01	4.495234e-01	4.495275e-01	4.495295e-01	4.495311e-01	4.495326e-01	4.495342e-01	4.495342e-01	4.493905e-01	4.441765e-01	
2.534259e-01	2.525176e-01	2.522604e-01	2.527140e-01	2.530560e-01	2.533359e-01	2.535981e-01	2.538841e-01	2.542391e-01	2.546460e-01	4.427482e-01	
2.472951e-01	2.438286e-01	2.436048e-01	2.449686e-01	2.459909e-01	2.468279e-01	2.476118e-01	2.484666e-01	2.495309e-01	2.509533e-01	4.403416e-01	
4.278637e-01	4.168665e-01	4.191803e-01	4.223820e-01	4.247678e-01	4.267212e-01	4.285504e-01	4.305453e-01	4.330299e-01	4.364218e-01	4.389132e-01	
2.403575e-01	4.154627e-01	2.378408e-01	2.387717e-01	2.394937e-01	2.400992e-01	2.406637e-01	2.412589e-01	2.419650e-01	2.428811e-01	2.429246e-01	
2.326530e-01	4.130969e-01	2.350056e-01	2.341387e-01	2.335809e-01	2.331677e-01	2.327727e-01	2.322808e-01	2.315627e-01	2.304486e-01	2.301999e-01	
4.008398e-01	4.116927e-01	4.092348e-01	4.061399e-01	4.040420e-01	4.024259e-01	4.008938e-01	3.990802e-01	3.965749e-01	3.928364e-01	3.899084e-01	
2.248392e-01	2.273035e-01	2.272392e-01	2.264669e-01	2.259432e-01	2.255266e-01	2.251045e-01	2.245724e-01	2.238123e-01	2.226668e-01	3.884462e-01	
2.169595e-01	2.143455e-01	2.145694e-01	2.157770e-01	2.166013e-01	2.171966e-01	2.176797e-01	2.181541e-01	2.187341e-01	2.195706e-01	3.859821e-01	
3.732009e-01	3.618250e-01	3.648178e-01	3.686768e-01	3.713014e-01	3.732303e-01	3.748693e-01	3.765819e-01	3.787717e-01	3.819745e-01	3.845196e-01	
2.089100e-01	3.603091e-01	2.066141e-01	2.077893e-01	2.085863e-01	2.091582e-01	2.096187e-01	2.100694e-01	2.106233e-01	2.114281e-01	2.114893e-01	
2.007360e-01	3.577546e-01	2.034094e-01	2.025250e-01	2.019194e-01	2.014327e-01	2.009429e-01	2.003399e-01	1.995013e-01	1.982683e-01	1.980408e-01	
3.445294e-01	3.562385e-01	3.535754e-01	3.502208e-01	3.479317e-01	3.461521e-01	3.444617e-01	3.424825e-01	3.397940e-01	3.358395e-01	3.327695e-01	
1.924083e-01	1.950773e-01	1.950021e-01	1.941425e-01	1.935531e-01	1.930798e-01	1.926045e-01	1.920209e-01	1.912106e-01	1.900154e-01	3.312050e-01	
1.839738e-01	1.812004e-01	1.814227e-01	1.826639e-01	1.835092e-01	1.841214e-01	1.846255e-01	1.851343e-01	1.857729e-01	1.867062e-01	3.285685e-01	
3.149440e-01	3.028402e-01	3.059689e-01	3.099934e-01	3.127308e-01	3.147537e-01	3.164946e-01	3.183427e-01	3.207303e-01	3.242304e-01	3.270037e-01	
1.754009e-01	3.012333e-01	1.729148e-01	1.741209e-01	1.749393e-01	1.755330e-01	1.760237e-01	1.765213e-01	1.771477e-01	1.780619e-01	1.781511e-01	
1.667376e-01	2.985253e-01	1.695159e-01	1.685357e-01	1.678656e-01	1.673370e-01	1.668216e-01	1.662044e-01	1.653573e-01	1.641140e-01	1.638978e-01	
2.845563e-01	2.969181e-01	2.940449e-01	2.904123e-01	2.879350e-01	2.860260e-01	2.842420e-01	2.821845e-01	2.794101e-01	2.753319e-01	2.721570e-01	
1.579527e-01	1.607730e-01	1.606699e-01	1.597044e-01	1.590434e-01	1.585236e-01	1.580195e-01	1.574186e-01	1.565957e-01	1.553837e-01	2.705140e-01	
1.490953e-01	1.462002e-01	1.464094e-01	1.476499e-01	1.484955e-01	1.491155e-01	1.496401e-01	1.501867e-01	1.508855e-01	1.519087e-01	2.677454e-01	
2.534871e-01	2.408414e-01	2.440502e-01	2.481662e-01	2.509670e-01	2.530513e-01	2.548713e-01	2.568336e-01	2.593905e-01	2.631408e-01	2.661022e-01	
1.401333e-01	2.391689e-01	1.374916e-01	1.387050e-01	1.395295e-01	1.401355e-01	1.406510e-01	1.411911e-01	1.418838e-01	1.428961e-01	1.430124e-01	
1.311166e-01	2.363504e-01	1.339542e-01	1.328926e-01	1.321684e-01	1.316067e-01	1.310752e-01	1.304549e-01	1.296135e-01	1.283796e-01	1.281777e-01	
2.218590e-01	2.346777e-01	2.316402e-01	2.277881e-01	2.251631e-01	2.231566e-01	2.213085e-01	2.192054e-01	2.163880e-01	2.122482e-01	2.090168e-01	
1.220113e-01	1.249373e-01	1.248082e-01	1.237547e-01	1.230353e-01	1.224793e-01	1.219559e-01	1.213474e-01	1.205233e-01	1.193105e-01	2.073211e-01	
1.128679e-01	1.098938e-01	1.100880e-01	1.113146e-01	1.121532e-01	1.127764e-01	1.133162e-01	1.138918e-01	1.146361e-01	1.157264e-01	2.044637e-01	
1.897864e-01	1.767878e-01	1.800332e-01	1.841896e-01	1.870235e-01	1.891480e-01	1.910249e-01	1.930701e-01	1.957477e-01	1.996744e-01	2.027679e-01	
1.036547e-01	1.750742e-01	1.008947e-01	1.021069e-01	1.029397e-01	1.035634e-01	1.041053e-01	1.046807e-01	1.054197e-01	1.064953e-01	1.066263e-01	
9.442232e-02	1.721866e-01	9.726545e-02	9.615471e-02	9.541771e-02	9.486328e-02	9.434610e-02	9.373707e-02	9.289711e-02	9.165207e-02	9.144427e-02	
1.574010e-01	1.704729e-01	1.673005e-01	1.633211e-01	1.606553e-01	1.586523e-01	1.568188e-01	1.547145e-01	1.518599e-01	1.476354e-01	1.443382e-01	
8.504116e-02	8.795373e-02	8.777991e-02	8.676109e-02	8.611471e-02	8.564108e-02	8.518774e-02	8.461787e-02	8.377988e-02	8.247353e-02	1.426123e-01	
7.556177e-02	7.228934e-02	7.247279e-02	7.394904e-02	7.505362e-02	7.591956e-02	7.665292e-02	7.734580e-02	7.809099e-02	7.899720e-02	1.397041e-01	
1.241497e-01	1.101415e-01	1.136342e-01	1.184184e-01	1.218876e-01	1.245782e-01	1.269025e-01	1.292226e-01	1.319151e-01	1.354402e-01	1.379782e-01	
6.692957e-02	1.082953e-01	6.243533e-02	6.445473e-02	6.594058e-02	6.709328e-02	6.808912e-02	6.908316e-02	7.023678e-02	7.173701e-02	7.132757e-02	
5.919368e-02	1.051844e-01	5.769552e-02	5.830239e-02	5.879831e-02	5.918366e-02	5.951659e-02	5.984893e-02	6.023462e-02	6.073275e-02	6.036449e-02	
9.699434e-02	1.033378e-01	9.698806e-02	9.685024e-02	9.685091e-02	9.685263e-02	9.685414e-02	9.685565e-02	9.685741e-02	9.686069e-02	9.690861e-02	
