6.493028e-01	6.494488e-01	6.495389e-01	6.495458e-01	6.495492e-01	6.495519e-01	6.495545e-01	6.495572e-01	6.495572e-01	6.493137e-01	6.404773e-01	
3.654565e-01	3.639166e-01	3.634792e-01	3.642456e-01	3.648237e-01	3.652976e-01	3.657423e-01	3.662279e-01	3.668314e-01	3.675233e-01	6.380568e-01	
3.550663e-01	3.491919e-01	3.488080e-01	3.511115e-01	3.528393e-01	3.542558e-01	3.555847e-01	3.570362e-01	3.588447e-01	3.612617e-01	6.339782e-01	
6.128389e-01	5.942114e-01	5.981179e-01	6.035241e-01	6.075550e-01	6.108596e-01	6.139597e-01	6.173459e-01	6.215664e-01	6.273279e-01	6.315575e-01	
3.433109e-01	5.918350e-01	3.390357e-01	3.406019e-01	3.418181e-01	3.428414e-01	3.437989e-01	3.448127e-01	3.460182e-01	3.475835e-01	3.476616e-01	
3.302676e-01	5.878301e-01	3.342332e-01	3.327515e-01	3.317976e-01	3.310939e-01	3.304266e-01	3.296012e-01	3.283988e-01	3.265326e-01	3.261198e-01	
5.670976e-01	5.854529e-01	5.812748e-01	5.760082e-01	5.724378e-01	5.696932e-01	5.671017e-01	5.640456e-01	5.598312e-01	5.535431e-01	5.486151e-01	
3.170488e-01	3.212188e-01	3.211008e-01	3.197705e-01	3.188685e-01	3.181552e-01	3.174401e-01	3.165461e-01	3.152734e-01	3.133557e-01	5.461453e-01	
3.037389e-01	2.993316e-01	2.996967e-01	3.017046e-01	3.030760e-01	3.040704e-01	3.048845e-01	3.056927e-01	3.066874e-01	3.081224e-01	5.419831e-01	
5.204207e-01	5.012407e-01	5.062521e-01	5.127086e-01	5.171011e-01	5.203379e-01	5.231028e-01	5.260087e-01	5.297360e-01	5.351875e-01	5.395128e-01	
2.901595e-01	4.986886e-01	2.862596e-01	2.882129e-01	2.895384e-01	2.904943e-01	2.912728e-01	2.920457e-01	2.930036e-01	2.943960e-01	2.945126e-01	
2.763974e-01	4.943878e-01	2.808609e-01	2.793415e-01	2.783019e-01	2.774735e-01	2.766516e-01	2.756518e-01	2.742689e-01	2.722366e-01	2.718709e-01	
4.721576e-01	4.918352e-01	4.873162e-01	4.816128e-01	4.777212e-01	4.747078e-01	4.718670e-01	4.685638e-01	4.640919e-01	4.575165e-01	4.524057e-01	
2.624015e-01	2.668899e-01	2.667458e-01	2.652556e-01	2.642344e-01	2.634228e-01	2.626220e-01	2.616527e-01	2.603159e-01	2.583454e-01	4.497828e-01	
2.482609e-01	2.436258e-01	2.439765e-01	2.460026e-01	2.473832e-01	2.483898e-01	2.492314e-01	2.500957e-01	2.511916e-01	2.527943e-01	4.453629e-01	
4.225663e-01	4.023333e-01	4.075068e-01	4.141518e-01	4.186732e-01	4.220284e-01	4.249405e-01	4.280597e-01	4.321091e-01	4.380459e-01	4.427395e-01	
2.339207e-01	3.996531e-01	2.297199e-01	2.316907e-01	2.330291e-01	2.340078e-01	2.348313e-01	2.356834e-01	2.367686e-01	2.383534e-01	2.385245e-01	
2.194711e-01	3.951365e-01	2.240478e-01	2.223673e-01	2.212196e-01	2.203244e-01	2.194694e-01	2.184636e-01	2.170946e-01	2.150864e-01	2.147519e-01	
3.718907e-01	3.924559e-01	3.876113e-01	3.814707e-01	3.772838e-01	3.740751e-01	3.711078e-01	3.677190e-01	3.631718e-01	3.564908e-01	3.512800e-01	
2.048581e-01	2.095535e-01	2.093561e-01	2.076849e-01	2.065414e-01	2.056534e-01	2.048121e-01	2.038294e-01	2.024965e-01	2.005352e-01	3.485560e-01	
1.901728e-01	1.853930e-01	1.857099e-01	1.876908e-01	1.890419e-01	1.900424e-01	1.909069e-01	1.918285e-01	1.930219e-01	1.947708e-01	3.439657e-01	
3.203875e-01	2.995021e-01	3.047253e-01	3.114106e-01	3.159620e-01	3.193682e-01	3.223762e-01	3.256577e-01	3.299599e-01	3.362715e-01	3.412415e-01	
1.753604e-01	2.967478e-01	1.709377e-01	1.728810e-01	1.742027e-01	1.751851e-01	1.760403e-01	1.769592e-01	1.781542e-01	1.799019e-01	1.801238e-01	
1.605121e-01	2.921066e-01	1.651097e-01	1.633025e-01	1.620708e-01	1.611286e-01	1.602594e-01	1.592687e-01	1.579406e-01	1.559941e-01	1.556953e-01	
2.683117e-01	2.893521e-01	2.842825e-01	2.778341e-01	2.734412e-01	2.701055e-01	2.670729e-01	2.636652e-01	2.591290e-01	2.524671e-01	2.472541e-01	
1.455706e-01	1.503776e-01	1.501325e-01	1.483208e-01	1.470843e-01	1.461426e-01	1.452801e-01	1.443030e-01	1.429964e-01	1.410757e-01	2.444827e-01	
1.306271e-01	1.257916e-01	1.260721e-01	1.279821e-01	1.292894e-01	1.302736e-01	1.311490e-01	1.321086e-01	1.333682e-01	1.352155e-01	2.398128e-01	
2.159007e-01	1.947563e-01	1.999414e-01	2.065638e-01	2.110817e-01	2.144924e-01	2.175477e-01	2.209243e-01	2.253775e-01	2.319107e-01	2.370413e-01	
1.156276e-01	1.919787e-01	1.110662e-01	1.129639e-01	1.142697e-01	1.152614e-01	1.161470e-01	1.171154e-01	1.183793e-01	1.202213e-01	1.204711e-01	
1.006626e-01	1.872984e-01	1.051818e-01	1.033116e-01	1.020707e-01	1.011512e-01	1.003196e-01	9.936857e-02	9.807499e-02	9.615917e-02	9.586258e-02	
1.634133e-01	1.845208e-01	1.792998e-01	1.727272e-01	1.683238e-01	1.650398e-01	1.620793e-01	1.587325e-01	1.542264e-01	1.475621e-01	1.423463e-01	
8.552163e-02	9.023138e-02	8.991365e-02	8.817425e-02	8.706669e-02	8.626743e-02	8.552957e-02	8.463190e-02	8.332980e-02	8.130122e-02	1.395736e-01	
7.029366e-02	6.507010e-02	6.532655e-02	6.759606e-02	6.930176e-02	7.065400e-02	7.182092e-02	7.294936e-02	7.418822e-02	7.571370e-02	1.349016e-01	
1.100037e-01	8.762363e-02	9.310841e-02	1.006149e-01	1.060674e-01	1.103208e-01	1.140333e-01	1.177847e-01	1.221805e-01	1.279631e-01	1.321291e-01	
5.646728e-02	8.468422e-02	4.924495e-02	5.241247e-02	5.474820e-02	5.657078e-02	5.816166e-02	5.976925e-02	6.165306e-02	6.411492e-02	6.349489e-02	
4.412735e-02	7.973112e-02	4.171940e-02	4.266930e-02	4.344898e-02	4.405836e-02	4.459030e-02	4.512786e-02	4.575778e-02	4.657545e-02	4.599607e-02	
6.669178e-02	7.679115e-02	6.668169e-02	6.646219e-02	6.646320e-02	6.646593e-02	6.646834e-02	6.647078e-02	6.647365e-02	6.647899e-02	6.655529e-02	
