3.862928e-01	3.863633e-01	3.864067e-01	3.864100e-01	3.864117e-01	3.864130e-01	3.864142e-01	3.864156e-01	3.864155e-01	3.862981e-01	3.820368e-01	
2.179667e-01	2.172245e-01	2.170144e-01	2.173855e-01	2.176652e-01	2.178941e-01	2.181083e-01	2.183419e-01	2.186317e-01	2.189640e-01	3.808695e-01	
2.129561e-01	2.101229e-01	2.099407e-01	2.110564e-01	2.118925e-01	2.125769e-01	2.132175e-01	2.139157e-01	2.147848e-01	2.159464e-01	3.789026e-01	
3.687036e-01	3.597143e-01	3.616073e-01	3.642269e-01	3.661785e-01	3.677758e-01	3.692708e-01	3.709004e-01	3.729297e-01	3.757000e-01	3.777352e-01	
2.072858e-01	3.585666e-01	2.052304e-01	2.059928e-01	2.065838e-01	2.070792e-01	2.075404e-01	2.080261e-01	2.086019e-01	2.093489e-01	2.093838e-01	
2.009872e-01	3.566325e-01	2.029129e-01	2.022062e-01	2.017514e-01	2.014142e-01	2.010911e-01	2.006879e-01	2.000990e-01	1.991854e-01	1.989809e-01	
3.466093e-01	3.554845e-01	3.534774e-01	3.509511e-01	3.492385e-01	3.479186e-01	3.466657e-01	3.451810e-01	3.431291e-01	3.400670e-01	3.376691e-01	
1.945977e-01	1.966127e-01	1.965613e-01	1.959332e-01	1.955072e-01	1.951678e-01	1.948228e-01	1.943868e-01	1.937634e-01	1.928238e-01	3.364729e-01	
1.881516e-01	1.860120e-01	1.861970e-01	1.871893e-01	1.878667e-01	1.883552e-01	1.887507e-01	1.891379e-01	1.896103e-01	1.902914e-01	3.344571e-01	
3.239973e-01	3.146859e-01	3.171405e-01	3.203063e-01	3.224592e-01	3.240403e-01	3.253816e-01	3.267807e-01	3.285681e-01	3.311823e-01	3.332606e-01	
1.815641e-01	3.134447e-01	1.796889e-01	1.806548e-01	1.813098e-01	1.817791e-01	1.821557e-01	1.825228e-01	1.829728e-01	1.836264e-01	1.836746e-01	
1.748707e-01	3.113529e-01	1.770652e-01	1.763453e-01	1.758524e-01	1.754551e-01	1.750536e-01	1.745576e-01	1.738668e-01	1.728510e-01	1.726621e-01	
3.005181e-01	3.101114e-01	3.079358e-01	3.051969e-01	3.033279e-01	3.018730e-01	3.004881e-01	2.988633e-01	2.966539e-01	2.934038e-01	2.908815e-01	
1.680480e-01	1.702343e-01	1.701752e-01	1.694775e-01	1.689990e-01	1.686136e-01	1.682245e-01	1.677447e-01	1.670772e-01	1.660925e-01	2.895988e-01	
1.611326e-01	1.588567e-01	1.590421e-01	1.600678e-01	1.607662e-01	1.612709e-01	1.616848e-01	1.621003e-01	1.626202e-01	1.633799e-01	2.874372e-01	
2.762600e-01	2.663276e-01	2.689033e-01	2.722180e-01	2.744723e-01	2.761361e-01	2.775645e-01	2.790766e-01	2.810274e-01	2.838869e-01	2.861542e-01	
1.540991e-01	2.650080e-01	1.520657e-01	1.530621e-01	1.537380e-01	1.542272e-01	1.546295e-01	1.550348e-01	1.555432e-01	1.562850e-01	1.563549e-01	
1.469852e-01	2.627844e-01	1.492752e-01	1.484770e-01	1.479313e-01	1.474992e-01	1.470754e-01	1.465650e-01	1.458629e-01	1.448321e-01	1.446507e-01	
2.513056e-01	2.614646e-01	2.591131e-01	2.561424e-01	2.541164e-01	2.525525e-01	2.510864e-01	2.493904e-01	2.471001e-01	2.437331e-01	2.411133e-01	
1.397656e-01	1.420827e-01	1.420019e-01	1.412183e-01	1.406818e-01	1.402580e-01	1.398442e-01	1.393479e-01	1.386662e-01	1.376618e-01	2.397617e-01	
1.324790e-01	1.300943e-01	1.302710e-01	1.313031e-01	1.320065e-01	1.325207e-01	1.329530e-01	1.334003e-01	1.339699e-01	1.348036e-01	2.374840e-01	
2.257450e-01	2.153296e-01	2.179842e-01	2.213916e-01	2.237098e-01	2.254321e-01	2.269308e-01	2.285407e-01	2.306345e-01	2.337053e-01	2.361322e-01	
1.250994e-01	2.139507e-01	1.229329e-01	1.239417e-01	1.246270e-01	1.251289e-01	1.255529e-01	1.259935e-01	1.265562e-01	1.273782e-01	1.274695e-01	
1.176662e-01	2.116272e-01	1.200172e-01	1.191513e-01	1.185604e-01	1.181001e-01	1.176610e-01	1.171448e-01	1.164423e-01	1.154116e-01	1.152398e-01	
1.996699e-01	2.102482e-01	2.077548e-01	2.045958e-01	2.024429e-01	2.007937e-01	1.992685e-01	1.975261e-01	1.951871e-01	1.917498e-01	1.890687e-01	
1.101518e-01	1.125657e-01	1.124644e-01	1.116082e-01	1.110233e-01	1.105691e-01	1.101378e-01	1.096322e-01	1.089449e-01	1.079329e-01	1.876675e-01	
1.025963e-01	1.001345e-01	1.003010e-01	1.013298e-01	1.020330e-01	1.025534e-01	1.030006e-01	1.034731e-01	1.040813e-01	1.049718e-01	1.853064e-01	
1.731656e-01	1.624082e-01	1.651093e-01	1.685715e-01	1.709317e-01	1.726972e-01	1.742501e-01	1.759346e-01	1.781347e-01	1.813608e-01	1.839050e-01	
9.497377e-02	1.609884e-01	9.270135e-02	9.371660e-02	9.441375e-02	9.493360e-02	9.538136e-02	9.585223e-02	9.645382e-02	9.732897e-02	9.743138e-02	
8.732456e-02	1.585960e-01	8.969480e-02	8.878603e-02	8.818304e-02	8.772712e-02	8.729754e-02	8.678701e-02	8.607992e-02	8.503155e-02	8.485272e-02	
1.463324e-01	1.571761e-01	1.545608e-01	1.512840e-01	1.490890e-01	1.474358e-01	1.459147e-01	1.441607e-01	1.417756e-01	1.382451e-01	1.354920e-01	
7.954147e-02	8.195640e-02	8.181837e-02	8.098892e-02	8.046336e-02	8.007620e-02	7.970113e-02	7.922468e-02	7.852106e-02	7.742395e-02	1.340579e-01	
7.166485e-02	6.894010e-02	6.909900e-02	7.034279e-02	7.127214e-02	7.199818e-02	7.260941e-02	7.318255e-02	7.379473e-02	7.453600e-02	1.316414e-01	
1.187018e-01	1.070413e-01	1.099648e-01	1.139704e-01	1.168734e-01	1.191206e-01	1.210556e-01	1.229793e-01	1.252046e-01	1.281135e-01	1.302073e-01	
6.448547e-02	1.055028e-01	6.075165e-02	6.244252e-02	6.368576e-02	6.464846e-02	6.547739e-02	6.630153e-02	6.725491e-02	6.849271e-02	6.814615e-02	
5.804284e-02	1.029103e-01	5.679825e-02	5.730672e-02	5.772164e-02	5.804346e-02	5.832056e-02	5.859608e-02	5.891480e-02	5.932575e-02	5.901771e-02	
9.608514e-02	1.013714e-01	9.607992e-02	9.596508e-02	9.596564e-02	9.596709e-02	9.596834e-02	9.596959e-02	9.597104e-02	9.597376e-02	9.601369e-02	
