2.606216e-01	2.606651e-01	2.606919e-01	2.606940e-01	2.606950e-01	2.606958e-01	2.606966e-01	2.606974e-01	2.606974e-01	2.606248e-01	2.579917e-01	
1.471885e-01	1.467299e-01	1.466003e-01	1.468300e-01	1.470030e-01	1.471446e-01	1.472769e-01	1.474210e-01	1.475999e-01	1.478048e-01	2.572704e-01	
1.440923e-01	1.423416e-01	1.422297e-01	1.429204e-01	1.434378e-01	1.438610e-01	1.442567e-01	1.446877e-01	1.452240e-01	1.459408e-01	2.560550e-01	
2.497517e-01	2.441955e-01	2.453676e-01	2.469894e-01	2.481973e-01	2.491852e-01	2.501090e-01	2.511152e-01	2.523675e-01	2.540773e-01	2.553337e-01	
1.405882e-01	2.434859e-01	1.393198e-01	1.397927e-01	1.401591e-01	1.404656e-01	1.407505e-01	1.410498e-01	1.414042e-01	1.418637e-01	1.418846e-01	
1.366940e-01	2.422900e-01	1.378874e-01	1.374527e-01	1.371730e-01	1.369652e-01	1.367652e-01	1.365148e-01	1.361486e-01	1.355805e-01	1.354528e-01	
2.360901e-01	2.415803e-01	2.403421e-01	2.387845e-01	2.377287e-01	2.369140e-01	2.361390e-01	2.352188e-01	2.339459e-01	2.320461e-01	2.305588e-01	
1.327421e-01	1.339882e-01	1.339579e-01	1.335732e-01	1.333123e-01	1.331037e-01	1.328905e-01	1.326199e-01	1.322322e-01	1.316478e-01	2.298184e-01	
1.287519e-01	1.274261e-01	1.275428e-01	1.281621e-01	1.285848e-01	1.288890e-01	1.291341e-01	1.293727e-01	1.296627e-01	1.300808e-01	2.285706e-01	
2.220915e-01	2.163218e-01	2.178483e-01	2.198181e-01	2.211573e-01	2.221395e-01	2.229704e-01	2.238344e-01	2.249362e-01	2.265477e-01	2.278299e-01	
1.246713e-01	2.155521e-01	1.235141e-01	1.241172e-01	1.245260e-01	1.248181e-01	1.250511e-01	1.252765e-01	1.255514e-01	1.259507e-01	1.259783e-01	
1.205207e-01	2.142549e-01	1.218877e-01	1.214462e-01	1.211438e-01	1.208989e-01	1.206495e-01	1.203394e-01	1.199063e-01	1.192692e-01	1.191492e-01	
2.075302e-01	2.134850e-01	2.121417e-01	2.104525e-01	2.092997e-01	2.084003e-01	2.075407e-01	2.065283e-01	2.051493e-01	2.031203e-01	2.015466e-01	
1.162858e-01	1.176424e-01	1.176087e-01	1.171831e-01	1.168911e-01	1.166545e-01	1.164134e-01	1.161136e-01	1.156952e-01	1.150777e-01	2.007493e-01	
1.119876e-01	1.105706e-01	1.106895e-01	1.113361e-01	1.117763e-01	1.120933e-01	1.123511e-01	1.126075e-01	1.129264e-01	1.133923e-01	1.994058e-01	
1.924512e-01	1.862678e-01	1.878807e-01	1.899581e-01	1.913706e-01	1.924108e-01	1.932997e-01	1.942360e-01	1.954407e-01	1.972065e-01	1.986084e-01	
1.076106e-01	1.854453e-01	1.063523e-01	1.069802e-01	1.074060e-01	1.077128e-01	1.079627e-01	1.082116e-01	1.085217e-01	1.089740e-01	1.090139e-01	
1.031765e-01	1.840593e-01	1.046136e-01	1.041238e-01	1.037888e-01	1.035217e-01	1.032568e-01	1.029347e-01	1.024896e-01	1.018360e-01	1.017185e-01	
1.768954e-01	1.832367e-01	1.817799e-01	1.799423e-01	1.786888e-01	1.777183e-01	1.768031e-01	1.757386e-01	1.742974e-01	1.721780e-01	1.705306e-01	
9.866993e-02	1.001156e-01	1.000696e-01	9.959166e-02	9.926425e-02	9.900370e-02	9.874590e-02	9.843320e-02	9.800150e-02	9.736520e-02	1.696853e-01	
9.411309e-02	9.261822e-02	9.273393e-02	9.339259e-02	9.384124e-02	9.416752e-02	9.443884e-02	9.471586e-02	9.506605e-02	9.557833e-02	1.682609e-01	
1.609089e-01	1.543813e-01	1.560584e-01	1.582135e-01	1.596794e-01	1.607651e-01	1.617040e-01	1.627059e-01	1.640043e-01	1.659083e-01	1.674155e-01	
8.949013e-02	1.535157e-01	8.814279e-02	8.878574e-02	8.922219e-02	8.954002e-02	8.980503e-02	9.007644e-02	9.042012e-02	9.092205e-02	9.097401e-02	
8.482390e-02	1.520571e-01	8.631306e-02	8.577999e-02	8.541599e-02	8.513011e-02	8.485340e-02	8.452388e-02	8.407271e-02	8.341051e-02	8.329671e-02	
1.445386e-01	1.511915e-01	1.496383e-01	1.476739e-01	1.463351e-01	1.453054e-01	1.443460e-01	1.432423e-01	1.417555e-01	1.395700e-01	1.378675e-01	
8.009749e-02	8.161482e-02	8.155703e-02	8.103338e-02	8.067551e-02	8.039514e-02	8.012448e-02	7.980264e-02	7.936211e-02	7.871312e-02	1.369841e-01	
7.533419e-02	7.377760e-02	7.388931e-02	7.455504e-02	7.500985e-02	7.534417e-02	7.562732e-02	7.592177e-02	7.629736e-02	7.684688e-02	1.354956e-01	
1.278277e-01	1.210276e-01	1.227523e-01	1.249662e-01	1.264750e-01	1.275992e-01	1.285804e-01	1.296361e-01	1.310090e-01	1.330218e-01	1.346121e-01	
7.051817e-02	1.201283e-01	6.909494e-02	6.975031e-02	7.019995e-02	7.053275e-02	7.081501e-02	7.110671e-02	7.147565e-02	7.201190e-02	7.206990e-02	
6.567312e-02	1.186128e-01	6.719097e-02	6.662831e-02	6.625497e-02	6.597006e-02	6.569673e-02	6.536666e-02	6.490620e-02	6.422317e-02	6.410240e-02	
1.108298e-01	1.177134e-01	1.160716e-01	1.140189e-01	1.126439e-01	1.116037e-01	1.106382e-01	1.095153e-01	1.079819e-01	1.057114e-01	1.039434e-01	
6.073125e-02	6.226295e-02	6.218226e-02	6.167341e-02	6.135175e-02	6.111245e-02	6.087547e-02	6.056882e-02	6.011263e-02	5.940106e-02	1.030304e-01	
5.571646e-02	5.397539e-02	5.408382e-02	5.489497e-02	5.549963e-02	5.596919e-02	5.636043e-02	5.672243e-02	5.710430e-02	5.756307e-02	1.014920e-01	
9.323678e-02	8.578940e-02	8.767477e-02	9.025907e-02	9.213015e-02	9.357396e-02	9.480992e-02	9.603005e-02	9.743347e-02	9.926272e-02	1.005789e-01	
5.113804e-02	8.480490e-02	4.876143e-02	4.985247e-02	5.065369e-02	5.127211e-02	5.180152e-02	5.232416e-02	5.292532e-02	5.370353e-02	5.347575e-02	
4.701967e-02	8.314586e-02	4.622757e-02	4.655603e-02	4.682341e-02	4.703011e-02	4.720707e-02	4.738178e-02	4.758272e-02	4.784103e-02	4.764261e-02	
7.877810e-02	8.216105e-02	7.877478e-02	7.870131e-02	7.870167e-02	7.870260e-02	7.870340e-02	7.870419e-02	7.870511e-02	7.870683e-02	7.873238e-02	
