3.115480e-01	3.116018e-01	3.116349e-01	3.116375e-01	3.116387e-01	3.116397e-01	3.116407e-01	3.116417e-01	3.116416e-01	3.115520e-01	3.083003e-01	
1.758928e-01	1.753265e-01	1.751664e-01	1.754498e-01	1.756634e-01	1.758381e-01	1.760016e-01	1.761797e-01	1.764007e-01	1.766539e-01	3.074096e-01	
1.720693e-01	1.699073e-01	1.697688e-01	1.706211e-01	1.712598e-01	1.717822e-01	1.722710e-01	1.728035e-01	1.734661e-01	1.743517e-01	3.059087e-01	
2.981250e-01	2.912642e-01	2.927106e-01	2.947120e-01	2.962028e-01	2.974223e-01	2.985631e-01	2.998060e-01	3.013533e-01	3.034657e-01	3.050178e-01	
1.677422e-01	2.903882e-01	1.661749e-01	1.667581e-01	1.672100e-01	1.675884e-01	1.679402e-01	1.683102e-01	1.687485e-01	1.693170e-01	1.693431e-01	
1.629341e-01	2.889117e-01	1.644062e-01	1.638685e-01	1.635225e-01	1.632655e-01	1.630187e-01	1.627101e-01	1.622589e-01	1.615591e-01	1.614020e-01	
2.812582e-01	2.880354e-01	2.865053e-01	2.845802e-01	2.832753e-01	2.822687e-01	2.813121e-01	2.801770e-01	2.786074e-01	2.762648e-01	2.744308e-01	
1.580555e-01	1.595939e-01	1.595558e-01	1.590791e-01	1.587559e-01	1.584977e-01	1.582344e-01	1.579008e-01	1.574232e-01	1.567033e-01	2.735170e-01	
1.531312e-01	1.514957e-01	1.516386e-01	1.524006e-01	1.529207e-01	1.532953e-01	1.535976e-01	1.538925e-01	1.542516e-01	1.547692e-01	2.719771e-01	
2.639832e-01	2.568656e-01	2.587462e-01	2.611723e-01	2.628220e-01	2.640325e-01	2.650576e-01	2.661248e-01	2.674868e-01	2.694786e-01	2.710630e-01	
1.480966e-01	2.559163e-01	1.466669e-01	1.474087e-01	1.479117e-01	1.482714e-01	1.485590e-01	1.488381e-01	1.491790e-01	1.496742e-01	1.497094e-01	
1.429778e-01	2.543166e-01	1.446608e-01	1.441140e-01	1.437396e-01	1.434369e-01	1.431295e-01	1.427482e-01	1.422163e-01	1.414339e-01	1.412873e-01	
2.460259e-01	2.533671e-01	2.517077e-01	2.496201e-01	2.481955e-01	2.470851e-01	2.460253e-01	2.447790e-01	2.430824e-01	2.405865e-01	2.386501e-01	
1.377569e-01	1.394295e-01	1.393866e-01	1.388584e-01	1.384962e-01	1.382033e-01	1.379058e-01	1.375371e-01	1.370232e-01	1.362649e-01	2.376677e-01	
1.324606e-01	1.307157e-01	1.308605e-01	1.316531e-01	1.321926e-01	1.325817e-01	1.328991e-01	1.332159e-01	1.336109e-01	1.341878e-01	2.360122e-01	
2.274462e-01	2.198316e-01	2.218135e-01	2.243653e-01	2.261005e-01	2.273794e-01	2.284742e-01	2.296296e-01	2.311177e-01	2.332988e-01	2.350296e-01	
1.270698e-01	2.188192e-01	1.255167e-01	1.262864e-01	1.268085e-01	1.271852e-01	1.274932e-01	1.278013e-01	1.281861e-01	1.287475e-01	1.287983e-01	
1.216119e-01	2.171132e-01	1.233763e-01	1.227698e-01	1.223550e-01	1.220253e-01	1.216995e-01	1.213049e-01	1.207605e-01	1.199611e-01	1.198185e-01	
2.082995e-01	2.161006e-01	2.143034e-01	2.120350e-01	2.104878e-01	2.092912e-01	2.081653e-01	2.068585e-01	2.050908e-01	2.024917e-01	2.004705e-01	
1.160678e-01	1.178466e-01	1.177879e-01	1.171948e-01	1.167886e-01	1.164662e-01	1.161488e-01	1.157654e-01	1.152372e-01	1.144588e-01	1.994314e-01	
1.104658e-01	1.086297e-01	1.087695e-01	1.095732e-01	1.101207e-01	1.105196e-01	1.108527e-01	1.111945e-01	1.116278e-01	1.122618e-01	1.976803e-01	
1.886470e-01	1.806287e-01	1.826827e-01	1.853209e-01	1.871156e-01	1.884463e-01	1.895997e-01	1.908337e-01	1.924350e-01	1.947833e-01	1.966410e-01	
1.047862e-01	1.795661e-01	1.031263e-01	1.039112e-01	1.044441e-01	1.048330e-01	1.051589e-01	1.054944e-01	1.059207e-01	1.065434e-01	1.066096e-01	
9.905786e-02	1.777756e-01	1.008799e-01	1.002206e-01	9.977060e-02	9.941823e-02	9.907902e-02	9.867701e-02	9.812781e-02	9.732187e-02	9.718493e-02	
1.685514e-01	1.767128e-01	1.748006e-01	1.723805e-01	1.707311e-01	1.694645e-01	1.682877e-01	1.669373e-01	1.651206e-01	1.624504e-01	1.603693e-01	
9.325992e-02	9.512169e-02	9.504808e-02	9.439888e-02	9.395527e-02	9.360891e-02	9.327659e-02	9.288355e-02	9.234691e-02	9.155650e-02	1.592866e-01	
8.742176e-02	8.551604e-02	8.564986e-02	8.645796e-02	8.701014e-02	8.741705e-02	8.776353e-02	8.812601e-02	8.858993e-02	8.926888e-02	1.574621e-01	
1.480703e-01	1.397441e-01	1.418480e-01	1.445472e-01	1.463869e-01	1.477596e-01	1.489613e-01	1.502581e-01	1.519473e-01	1.544239e-01	1.563793e-01	
8.152380e-02	1.386438e-01	7.977511e-02	8.057136e-02	8.111782e-02	8.152340e-02	8.186937e-02	8.222925e-02	8.268617e-02	8.335051e-02	8.342460e-02	
7.559583e-02	1.367896e-01	7.744541e-02	7.675108e-02	7.629038e-02	7.594003e-02	7.560617e-02	7.520538e-02	7.464773e-02	7.382069e-02	7.367634e-02	
1.272740e-01	1.356892e-01	1.336737e-01	1.311518e-01	1.294626e-01	1.281867e-01	1.270063e-01	1.256378e-01	1.237721e-01	1.210097e-01	1.188575e-01	
6.955489e-02	7.142799e-02	7.132620e-02	7.069608e-02	7.029742e-02	7.000193e-02	6.971171e-02	6.933874e-02	6.878538e-02	6.792235e-02	1.177426e-01	
6.343095e-02	6.130766e-02	6.143678e-02	6.241861e-02	6.315112e-02	6.372122e-02	6.419804e-02	6.464143e-02	6.511132e-02	6.567753e-02	1.158639e-01	
1.057905e-01	9.670659e-02	9.899806e-02	1.021385e-01	1.044131e-01	1.061703e-01	1.076778e-01	1.091699e-01	1.108898e-01	1.131339e-01	1.147489e-01	
5.784332e-02	9.550662e-02	5.494079e-02	5.626656e-02	5.724061e-02	5.799331e-02	5.863906e-02	5.927823e-02	6.001499e-02	6.096979e-02	6.069487e-02	
5.282157e-02	9.348448e-02	5.185415e-02	5.225311e-02	5.257817e-02	5.282977e-02	5.304562e-02	5.325929e-02	5.350558e-02	5.382252e-02	5.358126e-02	
8.816083e-02	9.228415e-02	8.815678e-02	8.806722e-02	8.806766e-02	8.806879e-02	8.806977e-02	8.807073e-02	8.807186e-02	8.807396e-02	8.810511e-02	
