4.039105e-01	4.039852e-01	4.040313e-01	4.040348e-01	4.040365e-01	4.040379e-01	4.040392e-01	4.040406e-01	4.040406e-01	4.039161e-01	3.993981e-01	
2.278735e-01	2.270865e-01	2.268637e-01	2.272571e-01	2.275535e-01	2.277962e-01	2.280234e-01	2.282710e-01	2.285785e-01	2.289308e-01	3.981605e-01	
2.225610e-01	2.195573e-01	2.193638e-01	2.205464e-01	2.214328e-01	2.221583e-01	2.228374e-01	2.235778e-01	2.244995e-01	2.257314e-01	3.960751e-01	
3.852621e-01	3.757317e-01	3.777382e-01	3.805147e-01	3.825834e-01	3.842766e-01	3.858617e-01	3.875897e-01	3.897416e-01	3.926794e-01	3.948374e-01	
2.165493e-01	3.745150e-01	2.143696e-01	2.151775e-01	2.158039e-01	2.163289e-01	2.168179e-01	2.173331e-01	2.179440e-01	2.187365e-01	2.187737e-01	
2.098718e-01	3.724646e-01	2.119127e-01	2.111628e-01	2.106803e-01	2.103226e-01	2.099802e-01	2.095531e-01	2.089293e-01	2.079616e-01	2.077451e-01	
3.618393e-01	3.712476e-01	3.691191e-01	3.664397e-01	3.646234e-01	3.632236e-01	3.618955e-01	3.603221e-01	3.581479e-01	3.549034e-01	3.523624e-01	
2.030985e-01	2.052346e-01	2.051798e-01	2.045129e-01	2.040607e-01	2.037005e-01	2.033347e-01	2.028728e-01	2.022124e-01	2.012173e-01	3.510946e-01	
1.962660e-01	1.939985e-01	1.941940e-01	1.952445e-01	1.959616e-01	1.964789e-01	1.968980e-01	1.973087e-01	1.978100e-01	1.985329e-01	3.489579e-01	
3.378722e-01	3.280041e-01	3.306040e-01	3.339569e-01	3.362372e-01	3.379121e-01	3.393337e-01	3.408173e-01	3.427131e-01	3.454857e-01	3.476897e-01	
1.892842e-01	3.266888e-01	1.872957e-01	1.883183e-01	1.890116e-01	1.895086e-01	1.899078e-01	1.902974e-01	1.907753e-01	1.914695e-01	1.915211e-01	
1.821915e-01	3.244723e-01	1.845154e-01	1.837513e-01	1.832280e-01	1.828067e-01	1.823813e-01	1.818564e-01	1.811256e-01	1.800510e-01	1.798516e-01	
3.129926e-01	3.231566e-01	3.208497e-01	3.179450e-01	3.159629e-01	3.144205e-01	3.129532e-01	3.112326e-01	3.088938e-01	3.054534e-01	3.027830e-01	
1.749628e-01	1.772793e-01	1.772160e-01	1.764748e-01	1.759665e-01	1.755575e-01	1.751452e-01	1.746372e-01	1.739311e-01	1.728895e-01	3.014243e-01	
1.676374e-01	1.652271e-01	1.654226e-01	1.665067e-01	1.672449e-01	1.677788e-01	1.682170e-01	1.686577e-01	1.692095e-01	1.700158e-01	2.991345e-01	
2.872966e-01	2.767778e-01	2.795031e-01	2.830099e-01	2.853949e-01	2.871558e-01	2.886686e-01	2.902712e-01	2.923397e-01	2.953717e-01	2.977754e-01	
1.601882e-01	2.753806e-01	1.580328e-01	1.590860e-01	1.598006e-01	1.603181e-01	1.607442e-01	1.611744e-01	1.617144e-01	1.625025e-01	1.625775e-01	
1.526558e-01	2.730261e-01	1.550780e-01	1.542309e-01	1.536517e-01	1.531936e-01	1.527450e-01	1.522057e-01	1.514642e-01	1.503756e-01	1.501847e-01	
2.608743e-01	2.716287e-01	2.691365e-01	2.659874e-01	2.638398e-01	2.621828e-01	2.606308e-01	2.588369e-01	2.564154e-01	2.528557e-01	2.500855e-01	
1.450132e-01	1.474662e-01	1.473795e-01	1.465471e-01	1.459771e-01	1.455275e-01	1.450893e-01	1.445647e-01	1.438446e-01	1.427839e-01	2.486551e-01	
1.373018e-01	1.347789e-01	1.349645e-01	1.360534e-01	1.367955e-01	1.373384e-01	1.377958e-01	1.382698e-01	1.388742e-01	1.397589e-01	2.462446e-01	
2.338240e-01	2.228051e-01	2.256101e-01	2.292098e-01	2.316590e-01	2.334794e-01	2.350650e-01	2.367702e-01	2.389889e-01	2.422429e-01	2.448140e-01	
1.294940e-01	2.213467e-01	1.271992e-01	1.282637e-01	1.289869e-01	1.295171e-01	1.299658e-01	1.304332e-01	1.310307e-01	1.319039e-01	1.320018e-01	
1.216320e-01	2.188892e-01	1.241152e-01	1.231966e-01	1.225699e-01	1.220822e-01	1.216180e-01	1.210735e-01	1.203330e-01	1.192469e-01	1.190668e-01	
2.062454e-01	2.174307e-01	2.147903e-01	2.114442e-01	2.091639e-01	2.074181e-01	2.058054e-01	2.039650e-01	2.014959e-01	1.978676e-01	1.950369e-01	
1.136867e-01	1.162393e-01	1.161306e-01	1.152214e-01	1.146003e-01	1.141188e-01	1.136625e-01	1.131289e-01	1.124043e-01	1.113375e-01	1.935559e-01	
1.057006e-01	1.030998e-01	1.032740e-01	1.043569e-01	1.050971e-01	1.056456e-01	1.061180e-01	1.066183e-01	1.072632e-01	1.082075e-01	1.910601e-01	
1.782312e-01	1.668656e-01	1.697149e-01	1.733663e-01	1.758556e-01	1.777187e-01	1.793596e-01	1.811417e-01	1.834708e-01	1.868862e-01	1.895790e-01	
9.764643e-02	1.653660e-01	9.524208e-02	9.631121e-02	9.704545e-02	9.759360e-02	9.806689e-02	9.856593e-02	9.920448e-02	1.001335e-01	1.002435e-01	
8.956724e-02	1.628391e-01	9.206643e-02	9.110321e-02	9.046409e-02	8.998154e-02	8.952813e-02	8.899064e-02	8.824707e-02	8.714470e-02	8.695777e-02	
1.498901e-01	1.613394e-01	1.585733e-01	1.551064e-01	1.527840e-01	1.510359e-01	1.494300e-01	1.475805e-01	1.450672e-01	1.413471e-01	1.384454e-01	
8.134977e-02	8.389992e-02	8.375238e-02	8.287201e-02	8.231399e-02	8.190353e-02	8.150721e-02	8.100525e-02	8.026481e-02	7.911036e-02	1.369320e-01	
7.303706e-02	7.016310e-02	7.032891e-02	7.163656e-02	7.261400e-02	7.337833e-02	7.402285e-02	7.462849e-02	7.527660e-02	7.606233e-02	1.343817e-01	
1.207301e-01	1.084301e-01	1.115093e-01	1.157278e-01	1.187855e-01	1.211538e-01	1.231949e-01	1.252263e-01	1.275783e-01	1.306541e-01	1.328682e-01	
6.546216e-02	1.068078e-01	6.152146e-02	6.330218e-02	6.461174e-02	6.562631e-02	6.650070e-02	6.737101e-02	6.837868e-02	6.968757e-02	6.932368e-02	
5.866713e-02	1.040739e-01	5.735356e-02	5.788895e-02	5.832602e-02	5.866518e-02	5.895749e-02	5.924844e-02	5.958532e-02	6.001988e-02	5.969539e-02	
9.687669e-02	1.024512e-01	9.687118e-02	9.675008e-02	9.675067e-02	9.675219e-02	9.675351e-02	9.675483e-02	9.675637e-02	9.675924e-02	9.680135e-02	
