3.249439e-01	3.250005e-01	3.250354e-01	3.250381e-01	3.250394e-01	3.250405e-01	3.250415e-01	3.250425e-01	3.250425e-01	3.249482e-01	3.215247e-01	
1.834384e-01	1.828422e-01	1.826736e-01	1.829719e-01	1.831968e-01	1.833807e-01	1.835528e-01	1.837403e-01	1.839730e-01	1.842397e-01	3.205869e-01	
1.794130e-01	1.771369e-01	1.769909e-01	1.778881e-01	1.785604e-01	1.791104e-01	1.796249e-01	1.801856e-01	1.808833e-01	1.818158e-01	3.190068e-01	
3.108123e-01	3.035895e-01	3.051119e-01	3.072185e-01	3.087877e-01	3.100715e-01	3.112726e-01	3.125812e-01	3.142105e-01	3.164347e-01	3.180689e-01	
1.748574e-01	3.026672e-01	1.732072e-01	1.738209e-01	1.742965e-01	1.746948e-01	1.750652e-01	1.754549e-01	1.759166e-01	1.765153e-01	1.765429e-01	
1.697958e-01	3.011129e-01	1.713451e-01	1.707787e-01	1.704142e-01	1.701437e-01	1.698839e-01	1.695592e-01	1.690845e-01	1.683482e-01	1.681829e-01	
2.930561e-01	3.001903e-01	2.985792e-01	2.965519e-01	2.951777e-01	2.941179e-01	2.931108e-01	2.919162e-01	2.902644e-01	2.877992e-01	2.858691e-01	
1.646601e-01	1.662796e-01	1.662393e-01	1.657369e-01	1.653963e-01	1.651243e-01	1.648472e-01	1.644961e-01	1.639936e-01	1.632362e-01	2.849073e-01	
1.594767e-01	1.577554e-01	1.579055e-01	1.587069e-01	1.592538e-01	1.596479e-01	1.599661e-01	1.602767e-01	1.606549e-01	1.612003e-01	2.832863e-01	
2.748726e-01	2.673813e-01	2.693598e-01	2.719122e-01	2.736478e-01	2.749215e-01	2.760004e-01	2.771241e-01	2.785583e-01	2.806558e-01	2.823242e-01	
1.541777e-01	2.663823e-01	1.526722e-01	1.534524e-01	1.539813e-01	1.543598e-01	1.546625e-01	1.549565e-01	1.553159e-01	1.558379e-01	1.558752e-01	
1.487906e-01	2.646987e-01	1.505610e-01	1.499849e-01	1.495903e-01	1.492716e-01	1.489481e-01	1.485472e-01	1.479880e-01	1.471657e-01	1.470118e-01	
2.559744e-01	2.636995e-01	2.619523e-01	2.597541e-01	2.582539e-01	2.570849e-01	2.559697e-01	2.546587e-01	2.528745e-01	2.502497e-01	2.482132e-01	
1.432966e-01	1.450568e-01	1.450113e-01	1.444544e-01	1.440725e-01	1.437639e-01	1.434509e-01	1.430632e-01	1.425230e-01	1.417258e-01	2.471795e-01	
1.377242e-01	1.358886e-01	1.360405e-01	1.368731e-01	1.374399e-01	1.378488e-01	1.381827e-01	1.385163e-01	1.389325e-01	1.395404e-01	2.454377e-01	
2.364261e-01	2.284158e-01	2.304993e-01	2.331818e-01	2.350059e-01	2.363507e-01	2.375024e-01	2.387185e-01	2.402853e-01	2.425818e-01	2.444039e-01	
1.320530e-01	2.273509e-01	1.304182e-01	1.312268e-01	1.317753e-01	1.321713e-01	1.324954e-01	1.328200e-01	1.332257e-01	1.338176e-01	1.338715e-01	
1.263122e-01	2.255565e-01	1.281667e-01	1.275278e-01	1.270908e-01	1.267436e-01	1.264011e-01	1.259866e-01	1.254150e-01	1.245757e-01	1.244264e-01	
2.162872e-01	2.244914e-01	2.225998e-01	2.202119e-01	2.185832e-01	2.173240e-01	2.161400e-01	2.147664e-01	2.129090e-01	2.101781e-01	2.080542e-01	
1.204817e-01	1.223525e-01	1.222902e-01	1.216649e-01	1.212366e-01	1.208970e-01	1.205632e-01	1.201604e-01	1.196058e-01	1.187884e-01	2.069616e-01	
1.145915e-01	1.126614e-01	1.128077e-01	1.136509e-01	1.142253e-01	1.146441e-01	1.149943e-01	1.153540e-01	1.158104e-01	1.164783e-01	2.051204e-01	
1.956238e-01	1.871949e-01	1.893522e-01	1.921228e-01	1.940076e-01	1.954056e-01	1.966181e-01	1.979163e-01	1.996015e-01	2.020729e-01	2.040276e-01	
1.086207e-01	1.860781e-01	1.068744e-01	1.076980e-01	1.082572e-01	1.086656e-01	1.090083e-01	1.093617e-01	1.098110e-01	1.104674e-01	1.105377e-01	
1.026001e-01	1.841961e-01	1.045132e-01	1.038189e-01	1.033450e-01	1.029742e-01	1.026178e-01	1.021961e-01	1.016202e-01	1.007753e-01	1.006322e-01	
1.745030e-01	1.830792e-01	1.810677e-01	1.785216e-01	1.767863e-01	1.754542e-01	1.742176e-01	1.727996e-01	1.708928e-01	1.680902e-01	1.659056e-01	
9.650760e-02	9.846410e-02	9.838593e-02	9.770169e-02	9.723417e-02	9.686948e-02	9.652018e-02	9.610770e-02	9.554493e-02	9.471609e-02	1.647682e-01	
9.037434e-02	8.837293e-02	8.851258e-02	8.935917e-02	8.993767e-02	9.036430e-02	9.072813e-02	9.110939e-02	9.159785e-02	9.231275e-02	1.628515e-01	
1.529869e-01	1.442423e-01	1.464495e-01	1.492809e-01	1.512107e-01	1.526513e-01	1.539134e-01	1.552766e-01	1.570531e-01	1.596578e-01	1.617139e-01	
8.417970e-02	1.430869e-01	8.234133e-02	8.317572e-02	8.374841e-02	8.417379e-02	8.453725e-02	8.491603e-02	8.539747e-02	8.609751e-02	8.617626e-02	
7.795522e-02	1.411401e-01	7.989504e-02	7.916421e-02	7.867928e-02	7.831088e-02	7.796048e-02	7.754056e-02	7.695675e-02	7.609095e-02	7.594041e-02	
1.311506e-01	1.399846e-01	1.378663e-01	1.352151e-01	1.334392e-01	1.320986e-01	1.308594e-01	1.294241e-01	1.274682e-01	1.245723e-01	1.223158e-01	
7.161376e-02	7.358027e-02	7.347246e-02	7.280856e-02	7.238841e-02	7.207733e-02	7.177250e-02	7.138155e-02	7.080195e-02	6.989804e-02	1.211458e-01	
6.518703e-02	6.295962e-02	6.309413e-02	6.412186e-02	6.488882e-02	6.548610e-02	6.598622e-02	6.645192e-02	6.694613e-02	6.754214e-02	1.191741e-01	
1.086050e-01	9.907518e-02	1.014767e-01	1.047677e-01	1.071516e-01	1.089939e-01	1.105754e-01	1.121419e-01	1.139487e-01	1.163069e-01	1.180040e-01	
5.932415e-02	9.781657e-02	5.627803e-02	5.766737e-02	5.868825e-02	5.947742e-02	6.015486e-02	6.082592e-02	6.159991e-02	6.260327e-02	6.231572e-02	
5.405638e-02	9.569560e-02	5.304108e-02	5.345912e-02	5.379981e-02	5.406360e-02	5.429006e-02	5.451439e-02	5.477312e-02	5.510619e-02	5.485332e-02	
9.011179e-02	9.443661e-02	9.010754e-02	9.001360e-02	9.001406e-02	9.001524e-02	9.001627e-02	9.001729e-02	9.001847e-02	9.002068e-02	9.005334e-02	
